Matrix Name, Comm Size , Edge, Interior ,Dimension,npoints,nnz,AbsoluteTrace,DiagonalNonZeros,DiagonalAverage,InfinityNorm,lowerBandwidth,MinNonZeroPerRow,ColumnVariance,NonZeroPatternSymmetry
./WORKING//matrices//494_bus.pbin,1,10,500,494,494,1667.88,223750,494,452.935,40015.4,428,2,13700.2,1
./WORKING//matrices//662_bus.pbin,1,10,500,662,511,2458.67,74599.6,662,86.9844,2696.39,335,1,112.565,1
./WORKING//matrices//685_bus.pbin,1,10,500,685,512,3286.63,236670,685,258.245,26447.4,550,1,2642.87,1
./WORKING//matrices//adder_dcop_01.pbin,1,10,500,1813,517,10109.3,0.306548,1802.48,4.84977e-05,1.05617,1763,0,5.51574e-06,0
./WORKING//matrices//adder_dcop_02.pbin,1,10,500,1813,517,10094.8,3.53904,1802.48,0.000559897,1.52359,1763,0,5.51932e-06,0
./WORKING//matrices//adder_dcop_03.pbin,1,10,500,1813,518,9572.64,33.1164,1795.5,0.00526974,3.86732,1737,0,3.76135e-05,0
./WORKING//matrices//adder_dcop_04.pbin,1,10,500,1813,518,9833.71,13.2369,1795.5,0.00210636,2.39711,1737,0,7.69165e-06,0
./WORKING//matrices//adder_dcop_05.pbin,1,10,500,1813,518,9909.86,19.7866,1795.5,0.0031486,5.22527,1737,0,5.91745e-06,0
./WORKING//matrices//adder_dcop_06.pbin,1,10,500,1813,518,10091.2,11.7678,1795.5,0.00187259,3.00926,1737,0,5.60588e-06,0
./WORKING//matrices//adder_dcop_07.pbin,1,10,500,1813,518,10120.2,16.487,1795.5,0.00262355,4.60216,1737,0,5.53091e-06,0
./WORKING//matrices//adder_dcop_08.pbin,1,10,500,1813,518,10178.2,10.6747,1795.5,0.00169864,3.01627,1737,0,5.52452e-06,0
./WORKING//matrices//adder_dcop_09.pbin,1,10,500,1813,518,10141.9,62.2715,1795.5,0.00990915,17.7483,1737,0,1.5949e-05,0
./WORKING//matrices//adder_dcop_10.pbin,1,10,500,1813,518,10152.8,13.9528,1795.5,0.00222028,3.94192,1737,0,6.92696e-06,0
./WORKING//matrices//adder_dcop_11.pbin,1,10,500,1813,518,10214.4,8.83919,1795.5,0.00140656,2.46785,1737,0,5.70591e-06,0
./WORKING//matrices//adder_dcop_12.pbin,1,10,500,1813,518,10210.8,7.46433,1795.5,0.00118778,2.05829,1737,0,5.55966e-06,0
./WORKING//matrices//adder_dcop_13.pbin,1,10,500,1813,518,10218.1,6.59367,1795.5,0.00104924,1.8047,1737,0,5.52778e-06,0
./WORKING//matrices//adder_dcop_14.pbin,1,10,500,1813,518,10207.2,7.28172,1795.5,0.00115873,2.02718,1737,0,5.57106e-06,0
./WORKING//matrices//adder_dcop_15.pbin,1,10,500,1813,518,10207.2,6.48527,1795.5,0.00103199,1.80055,1737,0,5.52969e-06,0
./WORKING//matrices//adder_dcop_16.pbin,1,10,500,1813,518,10214.4,6.09805,1795.5,0.00097037,1.65787,1737,0,5.52493e-06,0
./WORKING//matrices//adder_dcop_17.pbin,1,10,500,1813,518,10214.4,5.93793,1795.5,0.00094489,1.60234,1737,0,5.52462e-06,0
./WORKING//matrices//adder_dcop_18.pbin,1,10,500,1813,518,10221.7,5.92175,1795.5,0.000942316,1.59484,1737,0,5.52462e-06,0
./WORKING//matrices//adder_dcop_19.pbin,1,10,500,1813,518,10221.7,5.87924,1795.5,0.000935552,1.58937,1737,0,5.52444e-06,0
./WORKING//matrices//adder_dcop_20.pbin,1,10,500,1813,518,9398.59,5.89447,1795.5,0.000937976,1.52773,1763,0,5.5241e-06,0
./WORKING//matrices//adder_dcop_21.pbin,1,10,500,1813,518,9398.59,5.59613,1795.5,0.000890501,1.42074,1763,0,5.52397e-06,0
./WORKING//matrices//adder_dcop_22.pbin,1,10,500,1813,518,9398.59,5.61463,1795.5,0.000893445,1.42054,1763,0,5.52402e-06,0
./WORKING//matrices//adder_dcop_23.pbin,1,10,500,1813,518,9398.59,5.62271,1795.5,0.000894731,1.42104,1763,0,5.52397e-06,0
./WORKING//matrices//adder_dcop_24.pbin,1,10,500,1813,518,9398.59,5.66943,1795.5,0.000902164,1.42078,1763,0,5.52397e-06,0
./WORKING//matrices//adder_dcop_25.pbin,1,10,500,1813,518,9398.59,5.72487,1795.5,0.000910987,1.42107,1763,0,5.52408e-06,0
./WORKING//matrices//adder_dcop_26.pbin,1,10,500,1813,518,9398.59,5.66032,1795.5,0.000900715,1.421,1763,0,5.52396e-06,0
./WORKING//matrices//adder_dcop_27.pbin,1,10,500,1813,518,9398.59,5.62051,1795.5,0.00089438,1.42081,1763,0,5.5239e-06,0
./WORKING//matrices//adder_dcop_28.pbin,1,10,500,1813,518,9398.59,5.60957,1795.5,0.00089264,1.42098,1763,0,5.5239e-06,0
./WORKING//matrices//adder_dcop_29.pbin,1,10,500,1813,518,9398.59,5.5999,1795.5,0.000891101,1.42071,1763,0,5.52387e-06,0
./WORKING//matrices//adder_dcop_30.pbin,1,10,500,1813,518,9398.59,5.60067,1795.5,0.000891224,1.421,1763,0,5.5239e-06,0
./WORKING//matrices//adder_dcop_31.pbin,1,10,500,1813,518,9398.59,5.59451,1795.5,0.000890242,1.4208,1763,0,5.52387e-06,0
./WORKING//matrices//adder_dcop_32.pbin,1,10,500,1813,518,9398.59,5.64903,1795.5,0.000898919,1.42126,1763,0,5.52418e-06,0
./WORKING//matrices//adder_dcop_33.pbin,1,10,500,1813,518,9398.59,5.60765,1795.5,0.000892334,1.42126,1763,0,5.52394e-06,0
./WORKING//matrices//adder_dcop_34.pbin,1,10,500,1813,518,9398.59,5.65757,1795.5,0.000900277,1.4209,1763,0,5.52422e-06,0
./WORKING//matrices//adder_dcop_35.pbin,1,10,500,1813,518,9398.59,5.63044,1795.5,0.00089596,1.42043,1763,0,5.52411e-06,0
./WORKING//matrices//adder_dcop_36.pbin,1,10,500,1813,518,9398.59,5.68666,1795.5,0.000904907,1.44593,1763,0,5.52387e-06,0
./WORKING//matrices//adder_dcop_37.pbin,1,10,500,1813,518,9398.59,5.61701,1795.5,0.000893824,1.42551,1763,0,5.52389e-06,0
./WORKING//matrices//adder_dcop_38.pbin,1,10,500,1813,517,10602.4,5.29108,1791.96,0.000841994,1.42847,1748,0,7.72928e-06,0
./WORKING//matrices//adder_dcop_39.pbin,1,10,500,1813,517,10602.4,5.28496,1791.96,0.000841021,1.42774,1748,0,7.72926e-06,0
./WORKING//matrices//adder_dcop_40.pbin,1,10,500,1813,517,10602.4,5.29897,1791.96,0.000843249,1.43075,1748,0,7.7293e-06,0
./WORKING//matrices//adder_dcop_41.pbin,1,10,500,1813,517,10602.4,5.29214,1791.96,0.000842163,1.42804,1748,0,7.7293e-06,0
./WORKING//matrices//adder_dcop_42.pbin,1,10,500,1813,517,10602.4,5.28404,1791.96,0.000840873,1.42744,1748,0,7.72926e-06,0
./WORKING//matrices//adder_dcop_43.pbin,1,10,500,1813,517,10602.4,5.28716,1791.96,0.00084137,1.42813,1748,0,7.72927e-06,0
./WORKING//matrices//adder_dcop_44.pbin,1,10,500,1813,517,10598.8,5.28183,1791.96,0.000840522,1.42761,1748,0,7.72925e-06,0
./WORKING//matrices//adder_dcop_45.pbin,1,10,500,1813,517,10602.4,5.2869,1791.96,0.000841329,1.42822,1748,0,7.72927e-06,0
./WORKING//matrices//adder_dcop_46.pbin,1,10,500,1813,517,10602.4,5.28259,1791.96,0.000840643,1.42785,1748,0,7.72926e-06,0
./WORKING//matrices//adder_dcop_47.pbin,1,10,500,1813,517,10602.4,5.27768,1791.96,0.000839862,1.42726,1748,0,7.72922e-06,0
./WORKING//matrices//adder_dcop_48.pbin,1,10,500,1813,517,10602.4,5.24183,1791.96,0.000834156,1.42712,1748,0,7.72912e-06,0
./WORKING//matrices//adder_dcop_49.pbin,1,10,500,1813,517,10602.4,5.25155,1791.96,0.000835703,1.4272,1748,0,7.72914e-06,0
./WORKING//matrices//adder_dcop_50.pbin,1,10,500,1813,517,10602.4,5.24966,1791.96,0.000835402,1.42768,1748,0,7.72913e-06,0
./WORKING//matrices//adder_dcop_51.pbin,1,10,500,1813,517,10602.4,5.23955,1791.96,0.000833794,1.42552,1748,0,7.72912e-06,0
./WORKING//matrices//adder_dcop_52.pbin,1,10,500,1813,517,10602.4,5.21179,1791.96,0.000829376,1.41802,1748,0,7.72912e-06,0
./WORKING//matrices//adder_dcop_53.pbin,1,10,500,1813,517,10602.4,5.21108,1791.96,0.000829263,1.41798,1748,0,7.72912e-06,0
./WORKING//matrices//adder_dcop_54.pbin,1,10,500,1813,517,10602.4,5.21094,1791.96,0.000829241,1.41798,1748,0,7.72912e-06,0
./WORKING//matrices//adder_dcop_55.pbin,1,10,500,1813,517,10602.4,5.21125,1791.96,0.000829291,1.41798,1748,0,7.72912e-06,0
./WORKING//matrices//adder_dcop_56.pbin,1,10,500,1813,515,9634.28,5.64753,1795.4,0.000893526,1.41849,1733,1,6.62739e-06,0
./WORKING//matrices//adder_dcop_57.pbin,1,10,500,1813,515,9634.28,5.64753,1795.4,0.000893526,1.41849,1733,1,6.62739e-06,0
./WORKING//matrices//adder_dcop_58.pbin,1,10,500,1813,515,9634.28,5.64753,1795.4,0.000893526,1.41849,1733,1,6.62739e-06,0
./WORKING//matrices//adder_dcop_59.pbin,1,10,500,1813,515,9634.28,5.64753,1795.4,0.000893526,1.41849,1733,1,6.62739e-06,0
./WORKING//matrices//adder_dcop_60.pbin,1,10,500,1813,515,9634.28,5.64753,1795.4,0.000893526,1.41849,1733,1,6.62739e-06,0
./WORKING//matrices//adder_dcop_61.pbin,1,10,500,1813,515,9634.28,5.64753,1795.4,0.000893526,1.41849,1733,1,6.62739e-06,0
./WORKING//matrices//adder_dcop_62.pbin,1,10,500,1813,515,9634.28,5.64753,1795.4,0.000893526,1.41849,1733,1,6.62739e-06,0
./WORKING//matrices//adder_dcop_63.pbin,1,10,500,1813,515,9634.28,5.64753,1795.4,0.000893526,1.41849,1733,1,6.62739e-06,0
./WORKING//matrices//adder_dcop_64.pbin,1,10,500,1813,515,9634.28,5.64753,1795.4,0.000893526,1.41849,1733,1,6.62739e-06,0
./WORKING//matrices//adder_dcop_65.pbin,1,10,500,1813,515,9634.28,5.64753,1795.4,0.000893526,1.41849,1733,1,6.62739e-06,0
./WORKING//matrices//adder_dcop_66.pbin,1,10,500,1813,515,9634.28,5.64753,1795.4,0.000893526,1.41849,1733,1,6.62739e-06,0
./WORKING//matrices//adder_dcop_67.pbin,1,10,500,1813,515,9634.28,5.64753,1795.4,0.000893526,1.41849,1733,1,6.62739e-06,0
./WORKING//matrices//adder_dcop_68.pbin,1,10,500,1813,515,9634.28,5.64753,1795.4,0.000893526,1.41849,1733,1,6.62739e-06,0
./WORKING//matrices//adder_dcop_69.pbin,1,10,500,1813,515,9634.28,5.64753,1795.4,0.000893526,1.41849,1733,1,6.62739e-06,0
./WORKING//matrices//adder_trans_01.pbin,1,10,500,1814,516,15165,61.7547,1799.94,0.00975943,10.2832,1802,0,1.13937e-05,0
./WORKING//matrices//adder_trans_02.pbin,1,10,500,1814,516,15165,61.7547,1799.94,0.00975944,10.2832,1802,0,1.13937e-05,0
./WORKING//matrices//aft01.pbin,1,10,500,8205,520,125783,142004,8205,1.09685,379.14,154,1,0.391569,1
./WORKING//matrices//Alemdar.pbin,1,10,500,6245,517,43427.7,6245,6245,0.0827862,28,5873,1,0.0773104,1
./WORKING//matrices//arc130.pbin,1,10,500,130,130,913.12,139.318,130,1.07168,1.0846e+06,125,1,1.45056e+07,0
./WORKING//matrices//ash292.pbin,1,10,500,292,292,2223.07,292,292,1,14,24,4,0.0254455,1
./WORKING//matrices//ash85.pbin,1,10,500,85,85,531.25,85,85,1,10,39,3,0.0686695,1
./WORKING//matrices//b1_ss.pbin,1,10,500,7,7,14,6,6,1,3,6,2,0.241845,0
./WORKING//matrices//b2_ss.pbin,1,10,500,1089,514,3926.93,0,0,-nan,200000,929,0,489553,0
./WORKING//matrices//barth4.pbin,1,10,500,6019,520,40857,6019,6019,0.0863931,5,3121,1,0.00112666,1
./WORKING//matrices//barth5.pbin,1,10,500,15606,519,107151,15606,15606,0.0332564,5,14605,1,0.000439792,1
./WORKING//matrices//barth.pbin,1,10,500,6691,520,45833.3,6691,6691,0.0777163,6,6522,1,0.00102283,1
./WORKING//matrices//bayer04.pbin,1,10,500,20545,520,86289,0,0,-nan,4.75966e+06,17105,0,2.08888e+10,0
./WORKING//matrices//bayer05.pbin,1,10,500,3268,519,19804.1,99.3668,6.29672,2.50618,2.86556e+09,3008,0,1.00354e+13,0
./WORKING//matrices//bayer06.pbin,1,10,500,3008,517,20827.4,0,0,-nan,898976,2743,0,1.61983e+06,0
./WORKING//matrices//bayer07.pbin,1,10,500,3268,519,20045.9,99.3668,6.29672,2.50618,2.86556e+09,3008,0,1.00354e+13,0
./WORKING//matrices//bayer08.pbin,1,10,500,3008,517,20827.4,0,0,-nan,9.6077e+06,2743,0,1.85017e+08,0
./WORKING//matrices//bayer09.pbin,1,10,500,3083,517,11616.7,0,0,-nan,1.17987e+08,2853,0,1.28222e+12,0
./WORKING//matrices//bayer10.pbin,1,10,500,13436,518,72715.6,0,0,-nan,564.204,11773,0,29.8675,0
./WORKING//matrices//bcspwr01.pbin,1,10,500,39,39,130.765,39,39,1,6,38,2,0.0799794,1
./WORKING//matrices//bcspwr02.pbin,1,10,500,49,49,167.045,49,49,1,7,34,2,0.065225,1
./WORKING//matrices//bcspwr03.pbin,1,10,500,118,118,474.088,118,118,1,10,115,2,0.0329958,1
./WORKING//matrices//bcspwr04.pbin,1,10,500,274,274,1603.26,274,274,1,16,265,2,0.0208302,1
./WORKING//matrices//bcspwr05.pbin,1,10,500,443,443,1624.33,443,443,1,10,435,2,0.00821417,1
./WORKING//matrices//bcspwr06.pbin,1,10,500,1454,515,5330.36,1454,1454,0.354195,6,1341,1,0.00251548,1
./WORKING//matrices//bcspwr07.pbin,1,10,500,1612,517,5845.11,1612,1612,0.32072,7,1360,1,0.00224474,1
./WORKING//matrices//bcspwr08.pbin,1,10,500,1624,514,6206.93,1624,1624,0.316502,8,1494,1,0.00234818,1
./WORKING//matrices//bcspwr09.pbin,1,10,500,1723,519,6437.13,1723,1723,0.301219,6,1625,1,0.00216391,1
./WORKING//matrices//bcspwr10.pbin,1,10,500,5300,517,21486.2,5300,5300,0.0975472,4,5122,1,0.000764401,1
./WORKING//matrices//bcsstk01.pbin,1,10,500,48,48,399.628,3.24331e+10,48,6.75689e+08,3.57095e+09,35,5,2.62658e+16,1
./WORKING//matrices//bcsstk02.pbin,1,10,500,66,66,4356,305063,66,4622.17,31515.5,65,66,672269,1
./WORKING//matrices//bcsstk03.pbin,1,10,500,112,112,648.972,9.31755e+11,112,8.31924e+09,2.11874e+11,7,4,7.64178e+18,1
./WORKING//matrices//bcsstk04.pbin,1,10,500,132,132,3708.47,2.92011e+08,132,2.21221e+06,1.36865e+07,47,15,1.03986e+11,1
./WORKING//matrices//bcsstk05.pbin,1,10,500,153,153,2428.36,1.57682e+08,153,1.0306e+06,8.58507e+06,28,4,2.14576e+10,1
./WORKING//matrices//bcsstk06.pbin,1,10,500,420,420,7941.54,2.06459e+11,420,4.91568e+08,4.29524e+09,47,2,2.57796e+15,1
./WORKING//matrices//bcsstk07.pbin,1,10,500,420,420,7941.54,2.06459e+11,420,4.91568e+08,4.29524e+09,47,2,2.57796e+15,1
./WORKING//matrices//bcsstk08.pbin,1,10,500,1074,513,13040.5,4.86465e+11,1074,2.16352e+08,8.50474e+10,590,1,5.23699e+15,1
./WORKING//matrices//bcsstk09.pbin,1,10,500,1083,514,18543.1,1.87143e+10,1083,8.20126e+06,9.2109e+07,62,2,6.42336e+11,1
./WORKING//matrices//bcsstk10.pbin,1,10,500,1086,514,22126.2,4.4368e+09,1086,1.93363e+06,4.4291e+07,37,2,7.39022e+10,1
./WORKING//matrices//bcsstk11.pbin,1,10,500,1473,517,34253.1,5.9741e+10,1473,1.4235e+07,7.13262e+08,650,1,8.61836e+12,1
./WORKING//matrices//bcsstk12.pbin,1,10,500,1473,517,34253.1,5.9741e+10,1473,1.4235e+07,7.13262e+08,650,1,8.61836e+12,1
./WORKING//matrices//bcsstk13.pbin,1,10,500,2003,516,83220.6,6.93425e+13,2003,8.91841e+09,2.17361e+12,1250,1,1.50057e+19,1
./WORKING//matrices//bcsstk14.pbin,1,10,500,1806,517,63332.8,1.27218e+12,1806,2.01653e+08,1.30229e+10,161,1,1.66027e+15,1
./WORKING//matrices//bcsstk15.pbin,1,10,500,3948,520,119506,1.28796e+12,3948,4.29685e+07,4.51767e+09,434,1,2.32301e+14,1
./WORKING//matrices//bcsstk16.pbin,1,10,500,4884,520,295423,3.45735e+12,4884,7.53694e+07,2.90113e+09,140,1,1.63646e+14,1
./WORKING//matrices//bcsstk18.pbin,1,10,500,11948,520,154081,6.58086e+12,11948,2.39715e+07,1.95821e+10,1241,1,3.86284e+14,1
./WORKING//matrices//bcsstk19.pbin,1,10,500,817,510,6781.1,9.7619e+15,817,7.45866e+12,2.25823e+14,567,1,1.39742e+24,1
./WORKING//matrices//bcsstk20.pbin,1,10,500,485,485,3151.49,9.70147e+16,485,2.0003e+14,1.45852e+16,20,2,3.65365e+27,1
./WORKING//matrices//bcsstk21.pbin,1,10,500,3600,519,26388,9.41474e+10,3600,3.77025e+06,1.24695e+08,125,1,6.34625e+11,1
./WORKING//matrices//bcsstk22.pbin,1,10,500,138,138,702.451,1.31635e+08,138,953875,6.80173e+06,111,2,2.27571e+10,1
./WORKING//matrices//bcsstk23.pbin,1,10,500,3134,516,44527.9,1.65415e+18,3134,8.69015e+13,2.58796e+16,449,1,1.22771e+27,1
./WORKING//matrices//bcsstk26.pbin,1,10,500,1922,518,31221,3.57485e+12,1922,5.0128e+08,1.67426e+11,230,1,5.0515e+16,1
./WORKING//matrices//bcsstk27.pbin,1,10,500,1224,512,56020,3.829e+08,1224,130856,3.44994e+06,56,6,2.85087e+08,1
./WORKING//matrices//bcsstk29.pbin,1,10,500,13992,520,608008,13992,13992,0.0371641,12,1154,1,0.00309492,1
./WORKING//matrices//bcsstk33.pbin,1,10,500,8738,519,580133,8738,8738,0.0593957,19,829,1,0.00753779,1
./WORKING//matrices//bcsstk34.pbin,1,10,500,588,509,21617.2,1.74661e+09,588,2.57134e+06,4.35021e+07,95,11,8.90763e+10,1
./WORKING//matrices//bcsstm01.pbin,1,10,500,48,48,23.4419,3600,24,150,200,0,0,276.163,1
./WORKING//matrices//bcsstm02.pbin,1,10,500,66,66,66,5.9214,66,0.0897181,0.172829,0,1,0.00016133,1
./WORKING//matrices//bcsstm03.pbin,1,10,500,112,112,72.2243,20795.6,72,288.827,5403.5,0,0,6766.55,1
./WORKING//matrices//bcsstm04.pbin,1,10,500,132,132,65.4803,5.9214,66,0.0897181,0.172829,0,0,3.87912e-05,1
./WORKING//matrices//bcsstm05.pbin,1,10,500,153,153,153,47.5474,153,0.310767,0.927954,0,1,0.000895796,1
./WORKING//matrices//bcsstm06.pbin,1,10,500,420,420,420,875379,420,2084.24,7602.41,0,1,25802,1
./WORKING//matrices//bcsstm07.pbin,1,10,500,420,420,7326.22,200113,420,476.459,3102.71,47,2,1832.28,1
./WORKING//matrices//bcsstm08.pbin,1,10,500,1074,516,1074,2.85778e+06,1074,1278.41,1.03538e+06,0,1,611.062,1
./WORKING//matrices//bcsstm09.pbin,1,10,500,1083,515,1083,0.0964298,1083,4.23411e-05,0.00025902,0,1,2.11868e-11,1
./WORKING//matrices//bcsstm10.pbin,1,10,500,1086,515,22308.6,6.34865e+06,1086,2772.23,37454.7,37,2,74604.8,1
./WORKING//matrices//bcsstm11.pbin,1,10,500,1473,517,1473,3521.66,1473,0.839136,31.5781,0,1,0.0400369,1
./WORKING//matrices//bcsstm12.pbin,1,10,500,1473,517,19543.8,900.052,1473,0.214463,13.8638,649,1,0.00302763,1
./WORKING//matrices//bcsstm13.pbin,1,10,500,2003,516,20590.8,12725.9,1269.34,2.58272,162.734,521,0,0.219264,1
./WORKING//matrices//bcsstm19.pbin,1,10,500,817,515,817,7.85775e+08,817,606264,3.86863e+07,0,1,1.38963e+10,1
./WORKING//matrices//bcsstm20.pbin,1,10,500,485,485,485,4.15313e+08,485,856315,4.77956e+07,0,1,4.35939e+10,1
./WORKING//matrices//bcsstm21.pbin,1,10,500,3600,518,3600,0.277942,3600,1.11091e-05,0.000146606,0,1,2.99603e-12,1
./WORKING//matrices//bcsstm22.pbin,1,10,500,138,138,138,0.238424,138,0.00172771,0.00973767,0,1,7.33496e-08,1
./WORKING//matrices//bcsstm23.pbin,1,10,500,3134,517,3134,1.05075e+09,3134,55308.5,8.27035e+06,0,1,1.60007e+08,1
./WORKING//matrices//bcsstm24.pbin,1,10,500,3562,519,3562,1.11616e+08,3562,4565.7,940347,0,1,2.34275e+06,1
./WORKING//matrices//bcsstm25.pbin,1,10,500,15439,519,15439,2.21655e+11,15439,482621,6.9771e+08,0,1,3.36403e+11,1
./WORKING//matrices//bcsstm26.pbin,1,10,500,1922,516,1922,258.651,1922,0.036129,1.49182,0,1,3.58962e-05,1
./WORKING//matrices//bcsstm27.pbin,1,10,500,1224,514,56502.3,570165,1224,195.614,3293.41,53,6,630.896,1
./WORKING//matrices//bcsstm34.pbin,1,10,500,588,511,24459.6,103.634,588,0.153169,13.2204,95,12,0.000855761,1
./WORKING//matrices//bcsstm38.pbin,1,10,500,8032,520,11614.3,181.381,5328.92,0.00220359,0.249218,230,0,4.06635e-07,1
./WORKING//matrices//b_dyn.pbin,1,10,500,1089,512,4275.41,0.120451,2.12695,0.0266253,30.3288,929,0,0.00462272,0
./WORKING//matrices//bfwa398.pbin,1,10,500,398,398,3688.34,1323.12,398,3.32441,16.3145,304,3,0.0448596,0
./WORKING//matrices//bfwa62.pbin,1,10,500,62,62,451.404,183.813,62,2.96473,15.8535,49,3,0.26243,0
./WORKING//matrices//bfwa782.pbin,1,10,500,782,514,7546.3,2775.64,782,2.33299,25.457,593,1,0.0268975,0
./WORKING//matrices//bfwb398.pbin,1,10,500,398,398,2921.7,0.00374923,398,9.42019e-06,3.4e-05,303,2,3.52785e-13,1
./WORKING//matrices//bfwb62.pbin,1,10,500,62,62,346.982,0.00335319,62,5.40837e-05,0.0002125,48,2,7.89121e-11,1
./WORKING//matrices//bfwb782.pbin,1,10,500,782,514,6026.09,0.00576114,782,4.84237e-06,2.49798e-05,593,1,1.03727e-13,1
./WORKING//matrices//big.pbin,1,10,500,13209,519,92410.2,156828,13209,0.4665,28,12195,1,0.0128739,1
./WORKING//matrices//blckhole.pbin,1,10,500,2132,516,14928.3,2132,2132,0.242026,9,1805,1,0.00327475,1
./WORKING//matrices//bp_0.pbin,1,10,500,822,512,3194.29,1.60547,1.60547,0.622871,473.115,516,0,1.51931,0
./WORKING//matrices//bp_1000.pbin,1,10,500,822,512,4718.28,2.57838,6.42188,0.250083,460.839,795,0,1.75216,0
./WORKING//matrices//bp_1200.pbin,1,10,500,822,512,4759.38,4.18385,8.02734,0.32464,460.362,804,0,2.12425,0
./WORKING//matrices//bp_1400.pbin,1,10,500,822,512,4826.78,2.57838,6.42188,0.250083,464.217,804,0,1.76552,0
./WORKING//matrices//bp_1600.pbin,1,10,500,822,512,4872.82,2.62655,8.02734,0.203803,380.907,804,0,1.76674,0
./WORKING//matrices//bp_200.pbin,1,10,500,822,512,3794.35,1.72267,3.21094,0.33417,420.802,776,0,1.59967,0
./WORKING//matrices//bp_400.pbin,1,10,500,822,512,4037.66,1.72267,3.21094,0.33417,355.97,795,0,1.58806,0
./WORKING//matrices//bp_600.pbin,1,10,500,822,512,4126.44,1.72267,3.21094,0.33417,390.194,795,0,1.61069,0
./WORKING//matrices//bp_800.pbin,1,10,500,822,512,4547.3,2.76462,6.42188,0.268146,413.669,795,0,1.5446,0
./WORKING//matrices//bwm200.pbin,1,10,500,200,200,797.949,92976.9,200,464.885,1239.84,100,3,1795.77,1
./WORKING//matrices//cage10.pbin,1,10,500,11397,520,152720,7482.68,11397,0.0299557,0.980066,5348,1,4.01382e-05,1
./WORKING//matrices//cage3.pbin,1,10,500,5,5,-nan,2.33333,5,0.466667,2,4,3,-nan,1
./WORKING//matrices//cage4.pbin,1,10,500,9,9,51.75,5,9,0.555556,1.25,7,5,0.0308294,1
./WORKING//matrices//cage5.pbin,1,10,500,37,37,235.875,21.4,37,0.578378,1.67331,23,3,0.0103878,1
./WORKING//matrices//cage6.pbin,1,10,500,93,93,789.443,57,93,0.612903,1.3194,46,5,0.00441802,1
./WORKING//matrices//cage7.pbin,1,10,500,340,340,3096.54,213,340,0.626471,1.50712,147,3,0.00126841,1
./WORKING//matrices//cage8.pbin,1,10,500,1015,514,11008.7,653.525,1015,0.326057,1.18127,415,1,0.00043699,1
./WORKING//matrices//cage9.pbin,1,10,500,3534,518,42245.4,2292.01,3534,0.0950636,1,1710,1,0.00012717,1
./WORKING//matrices//can_1054.pbin,1,10,500,1054,514,11962.9,1054,1054,0.487666,20,1022,1,0.0106397,1
./WORKING//matrices//can_1072.pbin,1,10,500,1072,516,12486.7,1072,1072,0.481343,19,1040,1,0.0107285,1
./WORKING//matrices//can_144.pbin,1,10,500,144,144,1286.68,144,144,1,15,142,6,0.0581828,1
./WORKING//matrices//can_161.pbin,1,10,500,161,161,1368.5,161,161,1,17,79,6,0.0502792,1
./WORKING//matrices//can_187.pbin,1,10,500,187,187,1502.16,187,187,1,10,63,5,0.0412766,1
./WORKING//matrices//can_229.pbin,1,10,500,229,229,1767.59,229,229,1,13,172,3,0.0326287,1
./WORKING//matrices//can_24.pbin,1,10,500,24,24,165.474,24,24,1,9,21,4,0.208333,1
./WORKING//matrices//can_256.pbin,1,10,500,256,256,2879.24,256,256,1,83,251,4,0.0414595,1
./WORKING//matrices//can_268.pbin,1,10,500,268,268,3055,268,268,1,37,263,4,0.040438,1
./WORKING//matrices//can_292.pbin,1,10,500,292,292,2496.75,292,292,1,35,282,4,0.0282321,1
./WORKING//matrices//can_445.pbin,1,10,500,445,445,3805.76,445,445,1,13,403,4,0.0188836,1
./WORKING//matrices//can_61.pbin,1,10,500,61,61,568.607,61,61,1,25,50,5,0.127342,1
./WORKING//matrices//can_62.pbin,1,10,500,62,62,221.895,62,62,1,7,48,2,0.0550159,1
./WORKING//matrices//can_634.pbin,1,10,500,634,510,7226.33,634,634,0.804416,26,539,2,0.0176449,1
./WORKING//matrices//can_715.pbin,1,10,500,715,515,6768.19,715,715,0.72028,76,611,2,0.0129897,1
./WORKING//matrices//can_73.pbin,1,10,500,73,73,371.441,73,73,1,9,39,3,0.0648559,1
./WORKING//matrices//can_838.pbin,1,10,500,838,514,9990.64,838,838,0.613365,22,837,2,0.0139848,1
./WORKING//matrices//can_96.pbin,1,10,500,96,96,778.549,96,96,1,9,31,6,0.0779497,1
./WORKING//matrices//cavity01.pbin,1,10,500,317,317,7357.04,1096.47,243,4.51221,19.0222,102,7,0.0880312,0
./WORKING//matrices//cavity03.pbin,1,10,500,317,317,7388.54,1105.97,243,4.55131,80.74,102,7,0.44979,0
./WORKING//matrices//cavity04.pbin,1,10,500,317,317,5998.62,1179.72,243,4.85481,125.161,102,1,1.25105,1
./WORKING//matrices//cavity05.pbin,1,10,500,1182,514,32523.9,4697.95,926.743,2.20442,17.1556,177,1,0.0273852,0
./WORKING//matrices//cavity07.pbin,1,10,500,1182,514,32592.5,4709.49,926.743,2.20984,43.5923,177,1,0.0432329,0
./WORKING//matrices//cavity08.pbin,1,10,500,1182,514,29524,4721.19,926.743,2.21533,59.5315,177,1,0.0686113,1
./WORKING//matrices//cavity09.pbin,1,10,500,1182,514,32592.5,4750.02,926.743,2.22886,74.9421,177,1,0.113545,0
./WORKING//matrices//cavity12.pbin,1,10,500,2597,519,73666.5,10112,1926.48,1.04897,22.2401,252,0,0.0153758,0
./WORKING//matrices//cavity13.pbin,1,10,500,2597,519,69059.4,10126.8,1926.48,1.05052,29.267,252,0,0.0194535,1
./WORKING//matrices//cavity14.pbin,1,10,500,2597,518,78632,9741.23,1870.04,1.03901,34.3189,252,0,0.0223732,0
./WORKING//matrices//cavity15.pbin,1,10,500,2597,518,73791.2,9746.35,1870.04,1.03956,40.7274,252,0,0.0300469,1
./WORKING//matrices//cavity23.pbin,1,10,500,4562,520,129324,17867.3,3342.54,0.609299,25.3331,327,0,0.00991649,1
./WORKING//matrices//cavity24.pbin,1,10,500,4562,520,136833,17877.2,3342.54,0.609638,27.7989,327,0,0.0110145,0
./WORKING//matrices//cavity25.pbin,1,10,500,4562,520,129324,17887.2,3342.54,0.609976,30.2519,327,0,0.0120779,1
./WORKING//matrices//cavity26.pbin,1,10,500,4562,520,136833,17897.1,3342.54,0.610314,32.6921,327,0,0.0135532,0
./WORKING//matrices//cdde1.pbin,1,10,500,961,517,4701.21,3815.85,961,2.13616,7.9707,31,1,0.0204873,1
./WORKING//matrices//cdde3.pbin,1,10,500,961,517,4701.21,3768.92,961,2.1099,7.92188,31,1,0.0200858,1
./WORKING//matrices//cdde5.pbin,1,10,500,961,517,4701.21,3609.38,961,2.02058,7.75586,31,1,0.0187581,1
./WORKING//matrices//cegb2802.pbin,1,10,500,2802,519,272254,2667.03,2667.03,0.185225,36,251,0,0.0333043,1
./WORKING//matrices//cegb2919.pbin,1,10,500,2919,518,327249,2890.82,2890.82,0.177458,45,1892,0,0.036767,1
./WORKING//matrices//cegb3024.pbin,1,10,500,3024,519,81019,3006.52,3006.52,0.171627,19,280,0,0.00877494,1
./WORKING//matrices//cegb3306.pbin,1,10,500,3306,519,72639.4,3216.82,3216.82,0.156987,13,465,0,0.00659375,1
./WORKING//matrices//cell1.pbin,1,10,500,7055,518,30139,896970,7055,9.33498,413.602,85,1,3.54625,0
./WORKING//matrices//cell2.pbin,1,10,500,7055,518,30139,896963,7055,9.33491,413.6,85,1,3.54621,0
./WORKING//matrices//circuit_1.pbin,1,10,500,2624,520,30254.7,1.82505,2548.31,0.000141926,1.22559,2612,0,3.81101e-06,0
./WORKING//matrices//circuit_2.pbin,1,10,500,4510,519,15306.9,3260.64,4457.86,0.0841718,4.34869,1264,1,0.000245659,0
./WORKING//matrices//circuit_3.pbin,1,10,500,12127,518,42784.1,5236.69,11799.2,0.0189574,7.01555,12077,0,4.48072e-05,0
./WORKING//matrices//ck104.pbin,1,10,500,104,104,1010.59,69.1159,104,0.664576,6.32584,55,6,0.00604133,1
./WORKING//matrices//coater1.pbin,1,10,500,1348,515,19610.7,277.452,277.452,0.382047,63.8538,431,0,0.0740219,0
./WORKING//matrices//commanche_dual.pbin,1,10,500,7920,520,31680,7920,7920,0.0656566,4,7485,1,0.000504859,1
./WORKING//matrices//comsol.pbin,1,10,500,1500,516,98406,341.605,1500,0.0783414,0.749104,1493,4,5.45183e-05,1
./WORKING//matrices//coupled.pbin,1,10,500,11341,520,95672.7,13165.6,11101.1,0.0543786,13.4097,11307,0,0.00064096,1
./WORKING//matrices//crystm01.pbin,1,10,500,4875,519,105232,4.31555e-09,4875,9.42441e-14,3.26729e-12,237,1,3.1707e-28,1
./WORKING//matrices//crystm02.pbin,1,10,500,13965,518,329630,4.50177e-09,13965,1.19572e-14,7.28676e-13,459,1,1.37336e-29,1
./WORKING//matrices//curtis54.pbin,1,10,500,54,54,297.551,54,54,1,12,44,3,0.0916442,0
./WORKING//matrices//d_dyn1.pbin,1,10,500,87,87,234.476,65.6118,4,16.403,53071.9,77,1,287458,0
./WORKING//matrices//d_dyn.pbin,1,10,500,87,87,232.354,0.207484,4,0.0518709,167.828,77,1,2.17441,0
./WORKING//matrices//d_ss.pbin,1,10,500,53,53,142.438,161.832,4,40.4581,52480.8,45,2,607209,0
./WORKING//matrices//dw1024.pbin,1,10,500,2048,517,10129.4,920.143,2048,0.113419,0.953497,1056,1,0.000160887,0
./WORKING//matrices//dw256A.pbin,1,10,500,512,509,2491.39,275.807,512,0.535529,3.7402,272,3,0.00131442,0
./WORKING//matrices//dw256B.pbin,1,10,500,512,509,2511.87,355.005,512,0.689306,1,272,3,0.00104064,0
./WORKING//matrices//dwt_1005.pbin,1,10,500,1005,517,8307.33,1005,1005,0.514428,13,851,1,0.00815451,1
./WORKING//matrices//dwt_1007.pbin,1,10,500,1007,514,8642.07,1007,1007,0.510427,9,986,1,0.00845692,1
./WORKING//matrices//dwt_1242.pbin,1,10,500,1242,516,10571.9,1242,1242,0.415459,9,936,1,0.00680955,1
./WORKING//matrices//dwt_162.pbin,1,10,500,162,162,1196.94,162,162,1,9,156,2,0.0436922,1
./WORKING//matrices//dwt_193.pbin,1,10,500,193,193,3532.52,193,193,1,30,62,8,0.0853228,1
./WORKING//matrices//dwt_198.pbin,1,10,500,198,198,1403.44,198,198,1,12,36,2,0.0345758,1
./WORKING//matrices//dwt_209.pbin,1,10,500,209,209,1752.94,209,209,1,17,184,4,0.0385881,1
./WORKING//matrices//dwt_221.pbin,1,10,500,221,221,1627.83,221,221,1,12,187,4,0.0323114,1
./WORKING//matrices//dwt_234.pbin,1,10,500,234,234,838.926,234,234,1,10,48,2,0.0151113,1
./WORKING//matrices//dwt_245.pbin,1,10,500,245,245,1471.02,245,245,1,13,115,2,0.0238912,1
./WORKING//matrices//dwt_2680.pbin,1,10,500,2680,518,25004.4,2680,2680,0.193284,8,2488,1,0.00347002,1
./WORKING//matrices//dwt_307.pbin,1,10,500,307,307,2529.19,307,307,1,9,63,6,0.0261879,1
./WORKING//matrices//dwt_310.pbin,1,10,500,310,310,2461.7,310,310,1,11,28,4,0.0250191,1
./WORKING//matrices//dwt_346.pbin,1,10,500,346,346,3243.88,346,346,1,19,318,2,0.026294,1
./WORKING//matrices//dwt_361.pbin,1,10,500,361,361,2965.07,361,361,1,9,50,4,0.0222829,1
./WORKING//matrices//dwt_419.pbin,1,10,500,419,419,3557.45,419,419,1,13,356,6,0.0198831,1
./WORKING//matrices//dwt_492.pbin,1,10,500,492,492,3158.09,492,492,1,11,435,3,0.0128868,1
./WORKING//matrices//dwt_503.pbin,1,10,500,503,503,6045.09,503,503,1,25,452,4,0.0232698,1
./WORKING//matrices//dwt_512.pbin,1,10,500,512,509,3521.54,512,512,0.994141,15,73,1,0.0132328,1
./WORKING//matrices//dwt_592.pbin,1,10,500,592,512,5126.72,592,592,0.864865,14,259,3,0.0144315,1
./WORKING//matrices//dwt_59.pbin,1,10,500,59,59,267.685,59,59,1,6,25,2,0.0719311,1
./WORKING//matrices//dwt_607.pbin,1,10,500,607,512,5159.5,607,607,0.843493,14,147,1,0.0138152,1
./WORKING//matrices//dwt_66.pbin,1,10,500,66,66,322.426,66,66,1,6,44,2,0.069525,1
./WORKING//matrices//dwt_72.pbin,1,10,500,72,72,225.672,72,72,1,5,12,2,0.0421543,1
./WORKING//matrices//dwt_758.pbin,1,10,500,758,511,6003.36,758,758,0.674142,9,192,2,0.0103492,1
./WORKING//matrices//dwt_869.pbin,1,10,500,869,516,7350,869,869,0.593786,11,586,1,0.00964567,1
./WORKING//matrices//dwt_878.pbin,1,10,500,878,516,7494.61,878,878,0.587699,9,516,1,0.00963693,1
./WORKING//matrices//dwt_87.pbin,1,10,500,87,87,544.28,87,87,1,13,63,2,0.0668368,1
./WORKING//matrices//dwt_918.pbin,1,10,500,918,513,7417.44,918,918,0.558824,11,839,1,0.00872983,1
./WORKING//matrices//dwt_992.pbin,1,10,500,992,510,16832.3,992,992,0.514113,15,513,3,0.0168238,1
./WORKING//matrices//eris1176.pbin,1,10,500,1176,515,17884.6,1176,1176,0.437925,41,740,1,0.0123835,1
./WORKING//matrices//ex10hs.pbin,1,10,500,2548,517,56927.4,3.14997e+09,2548,250841,2.18993e+07,117,1,4.71127e+09,1
./WORKING//matrices//ex10.pbin,1,10,500,2410,517,52774.2,2.88904e+09,2410,257164,2.16805e+07,113,1,5.10388e+09,1
./WORKING//matrices//ex12.pbin,1,10,500,3973,520,81247.9,84266,3048.51,3.61784,144.107,107,0,0.231379,1
./WORKING//matrices//ex13.pbin,1,10,500,2568,519,75725.2,6.21948e+11,2568,4.89476e+07,6.22428e+09,165,1,3.1687e+14,1
./WORKING//matrices//ex14.pbin,1,10,500,3251,519,66456.9,2.83966e+09,2336.46,194026,1.2695e+07,313,0,1.01853e+09,1
./WORKING//matrices//ex15.pbin,1,10,500,6867,519,97181.8,1.38891e+12,6867,1.52864e+07,4.9559e+09,67,1,9.95662e+13,1
./WORKING//matrices//ex18.pbin,1,10,500,5773,519,71619.8,1.56688e+10,5773,244006,6.00057e+07,147,1,1.48297e+10,0
./WORKING//matrices//ex1.pbin,1,10,500,216,216,4355.83,6.95564,181,0.038429,0.161905,64,8,1.01943e-05,1
./WORKING//matrices//ex20.pbin,1,10,500,2203,517,68804.1,20.671,1674.62,0.00289682,1.38566,117,0,2.34739e-06,0
./WORKING//matrices//ex21.pbin,1,10,500,656,515,19378.2,24.4755,477.67,0.040226,0.627366,166,4,1.05214e-05,1
./WORKING//matrices//ex22.pbin,1,10,500,839,515,22559,803.819,593.002,0.832046,15.636,124,4,0.00440893,0
./WORKING//matrices//ex24.pbin,1,10,500,2283,517,48262.6,18472.6,1669.2,2.50614,77.4039,167,1,0.0992778,0
./WORKING//matrices//ex25.pbin,1,10,500,848,515,24598.8,19.2519,607.596,0.0192429,0.752145,95,3,4.27217e-06,0
./WORKING//matrices//ex26.pbin,1,10,500,2163,518,72045.2,9452.43,1670.27,1.35528,45.5949,203,0,0.0296725,0
./WORKING//matrices//ex27.pbin,1,10,500,974,515,38420.4,15.0627,794.33,0.0100265,0.30697,115,1,1.07864e-06,0
./WORKING//matrices//ex28.pbin,1,10,500,2603,519,75825.4,16565.6,1870.75,1.76557,43.7928,111,0,0.0516393,1
./WORKING//matrices//ex29.pbin,1,10,500,2870,518,23981.7,277.682,2870,0.0174628,1,42,1,2.05355e-05,1
./WORKING//matrices//ex2.pbin,1,10,500,441,441,26976.9,2.66009e+09,441,6.03195e+06,1.52109e+09,129,28,4.95633e+12,1
./WORKING//matrices//ex31.pbin,1,10,500,3909,520,90853,1730.15,3300.1,0.0697418,6.41344,141,0,0.000372949,0
./WORKING//matrices//ex32.pbin,1,10,500,1159,514,10966.5,3532.94,843.319,1.85791,60.5556,58,0,0.0405823,1
./WORKING//matrices//ex33.pbin,1,10,500,1733,516,22560.2,2.2667e+12,1733,3.89445e+08,1.105e+11,157,1,3.11036e+16,1
./WORKING//matrices//ex37.pbin,1,10,500,3565,518,68640.5,53495.5,3565,2.18036,165.899,490,1,0.181515,1
./WORKING//matrices//ex3.pbin,1,10,500,1821,517,52707,2.72753e+09,1821,425247,2.41711e+07,131,1,5.19827e+09,1
./WORKING//matrices//ex4.pbin,1,10,500,1601,518,31177.9,362.567,1143.57,0.10258,1.5776,112,1,0.00010928,1
./WORKING//matrices//ex5.pbin,1,10,500,27,27,287.182,2.57779e+07,27,954735,7.11112e+06,20,6,1.28486e+11,1
./WORKING//matrices//ex6.pbin,1,10,500,1651,517,50157.4,30439.2,1219.89,7.81369,360.337,86,0,1.33448,0
./WORKING//matrices//ex8.pbin,1,10,500,3096,517,91307.2,7.41018e+09,3096,399685,3.76748e+07,127,1,1.92032e+10,0
./WORKING//matrices//ex9.pbin,1,10,500,3363,517,97217.6,7.52861e+11,3363,3.44153e+07,4.11875e+09,85,1,9.13345e+13,1
./WORKING//matrices//fd12.pbin,1,10,500,7500,520,28560,0,0,-nan,3.78887e+06,6905,0,1.6052e+07,0
./WORKING//matrices//fpga_dcop_01.pbin,1,10,500,1220,513,6090.24,329.486,1141.52,0.12137,4.63636,864,0,0.000246187,0
./WORKING//matrices//fpga_dcop_02.pbin,1,10,500,1220,513,6090.24,329.654,1141.52,0.121432,4.63636,864,0,0.000246231,0
./WORKING//matrices//fpga_dcop_03.pbin,1,10,500,1220,513,6090.24,459.266,1141.52,0.169176,17.8429,864,0,0.00107336,0
./WORKING//matrices//fpga_dcop_04.pbin,1,10,500,1220,513,6009.72,416.713,1141.52,0.153501,10.1956,864,0,0.000721048,0
./WORKING//matrices//fpga_dcop_05.pbin,1,10,500,1220,513,5999.96,469.673,1141.52,0.173009,12.792,864,0,0.00100262,0
./WORKING//matrices//fpga_dcop_06.pbin,1,10,500,1220,513,6021.92,390.597,1141.52,0.143881,10.8968,864,0,0.000487034,0
./WORKING//matrices//fpga_dcop_07.pbin,1,10,500,1220,513,6014.6,370.317,1141.52,0.13641,5.28157,864,0,0.0688833,0
./WORKING//matrices//fpga_dcop_08.pbin,1,10,500,1220,513,6056.08,349.442,1141.52,0.128721,5.22045,864,0,0.000284552,0
./WORKING//matrices//fpga_dcop_09.pbin,1,10,500,1220,513,6075.6,366.313,1141.52,0.134935,15.1951,864,0,0.000727264,0
./WORKING//matrices//fpga_dcop_10.pbin,1,10,500,1220,513,6075.6,336.699,1141.52,0.124027,4.82919,864,0,0.000255126,0
./WORKING//matrices//fpga_dcop_11.pbin,1,10,500,1220,513,6087.8,336.672,1141.52,0.124017,4.70714,864,0,0.000255831,0
./WORKING//matrices//fpga_dcop_12.pbin,1,10,500,1220,513,6082.92,341.721,1141.52,0.125877,5.3209,864,0,0.000309776,0
./WORKING//matrices//fpga_dcop_13.pbin,1,10,500,1220,513,6082.92,335.695,1141.52,0.123657,4.64576,864,0,0.000259965,0
./WORKING//matrices//fpga_dcop_14.pbin,1,10,500,1220,513,6090.24,332.116,1141.52,0.122339,4.63969,864,0,0.000249561,0
./WORKING//matrices//fpga_dcop_15.pbin,1,10,500,1220,513,6075.6,330.914,1141.52,0.121896,4.63746,864,0,0.000247851,0
./WORKING//matrices//fpga_dcop_16.pbin,1,10,500,1220,513,6075.6,331.859,1141.52,0.122244,4.63666,864,0,0.000247806,0
./WORKING//matrices//fpga_dcop_17.pbin,1,10,500,1220,513,6090.24,333.774,1141.52,0.122949,4.63641,864,0,0.000253894,0
./WORKING//matrices//fpga_dcop_18.pbin,1,10,500,1220,513,6090.24,331.172,1141.52,0.121991,4.63636,864,0,0.000248344,0
./WORKING//matrices//fpga_dcop_19.pbin,1,10,500,1220,513,6090.24,330.273,1141.52,0.12166,4.63636,864,0,0.000246872,0
./WORKING//matrices//fpga_dcop_20.pbin,1,10,500,1220,513,6090.24,329.955,1141.52,0.121543,4.63636,864,0,0.000246447,0
./WORKING//matrices//fpga_dcop_21.pbin,1,10,500,1220,517,6170.76,315.531,1116.17,0.119796,4.09091,864,0,0.000249016,0
./WORKING//matrices//fpga_dcop_22.pbin,1,10,500,1220,517,6161,315.26,1116.17,0.119693,4.09091,864,0,0.000248363,0
./WORKING//matrices//fpga_dcop_23.pbin,1,10,500,1220,517,6170.76,315.255,1116.17,0.119691,4.09091,864,0,0.000248359,0
./WORKING//matrices//fpga_dcop_24.pbin,1,10,500,1220,517,6170.76,315.261,1116.17,0.119693,4.09091,864,0,0.00024836,0
./WORKING//matrices//fpga_dcop_25.pbin,1,10,500,1220,517,6170.76,315.256,1116.17,0.119692,4.09092,864,0,0.000248359,0
./WORKING//matrices//fpga_dcop_26.pbin,1,10,500,1220,517,6170.76,315.259,1116.17,0.119693,4.09139,864,0,0.000248361,0
./WORKING//matrices//fpga_dcop_27.pbin,1,10,500,1220,517,6165.88,315.276,1116.17,0.119699,4.09909,864,0,0.000248393,0
./WORKING//matrices//fpga_dcop_28.pbin,1,10,500,1220,517,6170.76,315.263,1116.17,0.119694,4.09377,864,0,0.000248371,0
./WORKING//matrices//fpga_dcop_29.pbin,1,10,500,1220,517,6170.76,315.26,1116.17,0.119693,4.09182,864,0,0.000248363,0
./WORKING//matrices//fpga_dcop_30.pbin,1,10,500,1220,517,6170.76,315.258,1116.17,0.119692,4.09113,864,0,0.00024836,0
./WORKING//matrices//fpga_dcop_31.pbin,1,10,500,1220,517,6170.76,315.257,1116.17,0.119692,4.09093,864,0,0.000248359,0
./WORKING//matrices//fpga_dcop_32.pbin,1,10,500,1220,517,6170.76,315.257,1116.17,0.119692,4.09091,864,0,0.000248359,0
./WORKING//matrices//fpga_dcop_33.pbin,1,10,500,1220,517,6170.76,315.257,1116.17,0.119692,4.09091,864,0,0.000248359,0
./WORKING//matrices//fpga_dcop_34.pbin,1,10,500,1220,517,6170.76,315.257,1116.17,0.119692,4.09091,864,0,0.000248359,0
./WORKING//matrices//fpga_dcop_35.pbin,1,10,500,1220,517,6170.76,315.256,1116.17,0.119692,4.09091,864,0,0.000248359,0
./WORKING//matrices//fpga_dcop_36.pbin,1,10,500,1220,517,6170.76,315.256,1116.17,0.119692,4.09091,864,0,0.000248359,0
./WORKING//matrices//fpga_dcop_37.pbin,1,10,500,1220,517,6170.76,315.256,1116.17,0.119692,4.09091,864,0,0.000248359,0
./WORKING//matrices//fpga_dcop_38.pbin,1,10,500,1220,517,6170.76,315.256,1116.17,0.119692,4.09091,864,0,0.000248359,0
./WORKING//matrices//fpga_dcop_39.pbin,1,10,500,1220,517,6170.76,315.256,1116.17,0.119692,4.09091,864,0,0.000248359,0
./WORKING//matrices//fpga_dcop_40.pbin,1,10,500,1220,517,6170.76,315.256,1116.17,0.119692,4.09091,864,0,0.000248359,0
./WORKING//matrices//fpga_dcop_41.pbin,1,10,500,1220,517,6170.76,315.256,1116.17,0.119692,4.09091,864,0,0.000248359,0
./WORKING//matrices//fpga_dcop_42.pbin,1,10,500,1220,517,6170.76,315.256,1116.17,0.119692,4.09091,864,0,0.000248359,0
./WORKING//matrices//fpga_dcop_43.pbin,1,10,500,1220,517,6170.76,315.256,1116.17,0.119692,4.09091,864,0,0.000248359,0
./WORKING//matrices//fpga_dcop_44.pbin,1,10,500,1220,517,5953.6,314.41,1135.05,0.117385,4.63636,864,0,0.000240225,0
./WORKING//matrices//fpga_dcop_45.pbin,1,10,500,1220,517,5953.6,314.41,1135.05,0.117385,4.63636,864,0,0.000240225,0
./WORKING//matrices//fpga_dcop_46.pbin,1,10,500,1220,517,5953.6,314.41,1135.05,0.117385,4.63636,864,0,0.000240225,0
./WORKING//matrices//fpga_dcop_47.pbin,1,10,500,1220,517,5953.6,314.41,1135.05,0.117385,4.63636,864,0,0.000240225,0
./WORKING//matrices//fpga_dcop_48.pbin,1,10,500,1220,517,5953.6,314.41,1135.05,0.117385,4.63636,864,0,0.000240225,0
./WORKING//matrices//fpga_dcop_49.pbin,1,10,500,1220,517,5953.6,314.41,1135.05,0.117385,4.63636,864,0,0.000240225,0
./WORKING//matrices//fpga_dcop_50.pbin,1,10,500,1220,517,5953.6,314.41,1135.05,0.117385,4.63636,864,0,0.000240225,0
./WORKING//matrices//fpga_dcop_51.pbin,1,10,500,1220,517,5953.6,314.41,1135.05,0.117385,4.63636,864,0,0.000240225,0
./WORKING//matrices//fpga_trans_01.pbin,1,10,500,1220,517,7485.92,317.697,1151.57,0.116911,4.65943,1085,0,0.000242676,0
./WORKING//matrices//fs_541_1.pbin,1,10,500,541,509,3753.46,573.773,541,0.997846,32.896,378,1,0.00215348,0
./WORKING//matrices//fs_541_4.pbin,1,10,500,541,509,3746.97,1.65053e+06,541,2870.43,802337,378,1,187797,0
./WORKING//matrices//fs_760_1.pbin,1,10,500,760,513,5662,1.25154e+09,760,1.11157e+06,2.19163e+08,740,1,5.38073e+11,0
./WORKING//matrices//fs_760_2.pbin,1,10,500,760,513,5662,1.17241e+09,760,1.04129e+06,2.19059e+08,740,1,5.37624e+11,0
./WORKING//matrices//fs_760_3.pbin,1,10,500,760,513,5750.16,1.17241e+09,760,1.04129e+06,2.19059e+08,740,1,5.37624e+11,0
./WORKING//matrices//fv1.pbin,1,10,500,9604,520,85245.1,33711.5,9604,0.190054,5.01015,99,1,0.00141159,1
./WORKING//matrices//fv2.pbin,1,10,500,9801,520,86680,34402,9801,0.186229,5.01005,100,1,0.00138275,1
./WORKING//matrices//fv3.pbin,1,10,500,9801,520,86680,29403,9801,0.159167,4.5,100,1,0.00104393,1
./WORKING//matrices//G10.pbin,1,10,500,800,514,38193.6,0,0,-nan,47,792,16,0.0596786,1
./WORKING//matrices//G11.pbin,1,10,500,800,514,3200,0,0,-nan,4,792,0,0.00499976,1
./WORKING//matrices//G12.pbin,1,10,500,800,514,3200,0,0,-nan,4,784,0,0.00500021,1
./WORKING//matrices//G13.pbin,1,10,500,800,514,3200,0,0,-nan,4,768,0,0.00500054,1
./WORKING//matrices//G14.pbin,1,10,500,800,514,9088,0,0,-nan,98,793,1,0.01387,1
./WORKING//matrices//G15.pbin,1,10,500,800,514,8868.8,0,0,-nan,114,798,0,0.0135717,1
./WORKING//matrices//G16.pbin,1,10,500,800,514,8915.2,0,0,-nan,85,792,1,0.0136402,1
./WORKING//matrices//G17.pbin,1,10,500,800,514,8836.8,0,0,-nan,97,793,1,0.0135063,1
./WORKING//matrices//G18.pbin,1,10,500,800,514,9088,0,0,-nan,98,793,1,0.0141975,1
./WORKING//matrices//G19.pbin,1,10,500,800,514,8868.8,0,0,-nan,114,798,0,0.013856,1
./WORKING//matrices//G1.pbin,1,10,500,800,514,38472,0,0,-nan,53,798,17,0.0565022,1
./WORKING//matrices//G20.pbin,1,10,500,800,514,8915.2,0,0,-nan,85,792,1,0.0139284,1
./WORKING//matrices//G21.pbin,1,10,500,800,514,8836.8,0,0,-nan,97,793,1,0.0138074,1
./WORKING//matrices//G22.pbin,1,10,500,2000,519,40192,0,0,-nan,13,1986,0,0.00994754,1
./WORKING//matrices//G23.pbin,1,10,500,2000,519,39876,0,0,-nan,12,1984,1,0.00986934,1
./WORKING//matrices//G24.pbin,1,10,500,2000,519,39564,0,0,-nan,13,1961,0,0.009793,1
./WORKING//matrices//G25.pbin,1,10,500,2000,519,40132,0,0,-nan,13,1976,0,0.00993149,1
./WORKING//matrices//G26.pbin,1,10,500,2000,514,40388,0,0,-nan,14,1991,0,0.00999549,1
./WORKING//matrices//G27.pbin,1,10,500,2000,514,39496,0,0,-nan,11,1986,0,0.0098739,1
./WORKING//matrices//G28.pbin,1,10,500,2000,514,39888,0,0,-nan,12,1985,0,0.00997094,1
./WORKING//matrices//G29.pbin,1,10,500,2000,514,39716,0,0,-nan,15,1975,0,0.009929,1
./WORKING//matrices//G2.pbin,1,10,500,800,511,38512,0,0,-nan,46,798,17,0.056563,1
./WORKING//matrices//G30.pbin,1,10,500,2000,514,39856,0,0,-nan,13,1976,0,0.00996367,1
./WORKING//matrices//G31.pbin,1,10,500,2000,514,40388,0,0,-nan,14,1991,0,0.010097,1
./WORKING//matrices//G32.pbin,1,10,500,2000,514,8000,0,0,-nan,4,1980,0,0.00199989,1
./WORKING//matrices//G33.pbin,1,10,500,2000,514,8000,0,0,-nan,4,1975,0,0.00200004,1
./WORKING//matrices//G34.pbin,1,10,500,2000,514,8000,0,0,-nan,4,1960,0,0.00200003,1
./WORKING//matrices//G35.pbin,1,10,500,2000,514,24468,0,0,-nan,55,1996,0,0.00602834,1
./WORKING//matrices//G36.pbin,1,10,500,2000,514,23096,0,0,-nan,86,1997,0,0.00570613,1
./WORKING//matrices//G37.pbin,1,10,500,2000,514,23376,0,0,-nan,74,1991,0,0.00576809,1
./WORKING//matrices//G38.pbin,1,10,500,2000,514,23628,0,0,-nan,77,1997,0,0.00582943,1
./WORKING//matrices//G39.pbin,1,10,500,2000,514,24468,0,0,-nan,55,1996,0,0.00611709,1
./WORKING//matrices//G3.pbin,1,10,500,800,513,38188.8,0,0,-nan,49,793,15,0.0561151,1
./WORKING//matrices//G40.pbin,1,10,500,2000,515,22780,0,0,-nan,86,1997,0,0.00569509,1
./WORKING//matrices//G41.pbin,1,10,500,2000,515,23372,0,0,-nan,67,1991,0,0.00584322,1
./WORKING//matrices//G42.pbin,1,10,500,2000,515,23832,0,0,-nan,73,1997,0,0.00595785,1
./WORKING//matrices//G43.pbin,1,10,500,1000,513,19976,0,0,-nan,20,991,1,0.0195773,1
./WORKING//matrices//G44.pbin,1,10,500,1000,513,19992,0,0,-nan,23,986,3,0.0195915,1
./WORKING//matrices//G45.pbin,1,10,500,1000,513,20036,0,0,-nan,21,997,1,0.019636,1
./WORKING//matrices//G46.pbin,1,10,500,1000,513,20140,0,0,-nan,21,986,3,0.0197346,1
./WORKING//matrices//G47.pbin,1,10,500,1000,513,19828,0,0,-nan,21,992,2,0.0194343,1
./WORKING//matrices//G48.pbin,1,10,500,3000,517,12000,0,0,-nan,4,2940,0,0.001332,1
./WORKING//matrices//G49.pbin,1,10,500,3000,517,12000,0,0,-nan,4,2900,0,0.001332,1
./WORKING//matrices//G4.pbin,1,10,500,800,513,38328,0,0,-nan,48,796,19,0.0563005,1
./WORKING//matrices//G50.pbin,1,10,500,3000,517,12000,0,0,-nan,3,2880,0,0.001332,1
./WORKING//matrices//G51.pbin,1,10,500,1000,513,11656,0,0,-nan,89,998,1,0.0114239,1
./WORKING//matrices//G52.pbin,1,10,500,1000,513,11366,0,0,-nan,103,991,0,0.0111691,1
./WORKING//matrices//G53.pbin,1,10,500,1000,513,11546,0,0,-nan,77,996,0,0.0113276,1
./WORKING//matrices//G54.pbin,1,10,500,1000,513,11632,0,0,-nan,81,992,1,0.0113852,1
./WORKING//matrices//G55.pbin,1,10,500,5000,520,24830,0,0,-nan,4,4990,0,0.000992216,1
./WORKING//matrices//G56.pbin,1,10,500,5000,520,24830,0,0,-nan,4,4990,0,0.000993202,1
./WORKING//matrices//G57.pbin,1,10,500,5000,520,20000,0,0,-nan,3,4950,0,0.000799992,1
./WORKING//matrices//G58.pbin,1,10,500,5000,520,62960,0,0,-nan,64,4995,0,0.00250521,1
./WORKING//matrices//G59.pbin,1,10,500,5000,520,62960,0,0,-nan,64,4995,0,0.00251838,1
./WORKING//matrices//G5.pbin,1,10,500,800,513,38136,0,0,-nan,49,792,17,0.056039,1
./WORKING//matrices//G60.pbin,1,10,500,7000,520,34258,0,0,-nan,3,6910,0,0.000698655,1
./WORKING//matrices//G61.pbin,1,10,500,7000,520,34258,0,0,-nan,3,6910,0,0.000699136,1
./WORKING//matrices//G62.pbin,1,10,500,7000,520,28000,0,0,-nan,3,6930,0,0.000571424,1
./WORKING//matrices//G63.pbin,1,10,500,7000,520,83986,0,0,-nan,55,6993,0,0.00170863,1
./WORKING//matrices//G64.pbin,1,10,500,7000,520,76972,0,0,-nan,42,6993,0,0.00157087,1
./WORKING//matrices//G65.pbin,1,10,500,8000,520,32000,0,0,-nan,3,7920,0,0.000500003,1
./WORKING//matrices//G66.pbin,1,10,500,9000,519,36000,0,0,-nan,3,8900,0,0.000444442,1
./WORKING//matrices//G67.pbin,1,10,500,10000,519,40000,0,0,-nan,3,9900,0,0.000399999,1
./WORKING//matrices//G6.pbin,1,10,500,800,514,38592,0,0,-nan,46,798,17,0.0602934,1
./WORKING//matrices//g7jac010.pbin,1,10,500,2880,518,18218.9,1.76031e+08,2813.28,11254.1,7.80976e+06,2867,0,4.68943e+08,0
./WORKING//matrices//g7jac010sc.pbin,1,10,500,2880,518,18218.9,5946.72,2813.28,0.380191,5005.42,2867,0,2.28886,0
./WORKING//matrices//g7jac020.pbin,1,10,500,5850,518,42576.3,4.86459e+08,5737.07,7508.1,7.36146e+06,5837,0,2.42396e+08,0
./WORKING//matrices//g7jac020sc.pbin,1,10,500,5850,519,41710.5,14067.2,5624.57,0.221886,5065.74,5837,0,9.25403,0
./WORKING//matrices//g7jac040.pbin,1,10,500,11790,520,107784,6.74253e+08,11495.2,2586.99,1.13563e+07,11751,0,9.35437e+07,0
./WORKING//matrices//g7jac040sc.pbin,1,10,500,11790,520,107784,28210.6,11495.2,0.108239,20076,11751,0,0.104299,0
./WORKING//matrices//G7.pbin,1,10,500,800,510,38644.8,0,0,-nan,47,798,15,0.0603806,1
./WORKING//matrices//G8.pbin,1,10,500,800,510,38262.4,0,0,-nan,49,793,18,0.0597821,1
./WORKING//matrices//G9.pbin,1,10,500,800,510,38478.4,0,0,-nan,54,796,14,0.0601294,1
./WORKING//matrices//gemat11.pbin,1,10,500,4929,518,32659.6,67.6671,38.0618,0.186835,20.55,4898,0,0.00853884,0
./WORKING//matrices//gemat12.pbin,1,10,500,4929,518,32925.7,67.2088,28.5463,0.247427,365.174,4898,0,0.0215191,0
./WORKING//matrices//gent113.pbin,1,10,500,113,113,671.722,90,90,1,20,101,1,0.0477888,0
./WORKING//matrices//gr_30_30.pbin,1,10,500,900,513,7754.4,7200,900,4.56,16,31,2,0.0796604,1
./WORKING//matrices//gre_1107.pbin,1,10,500,1107,514,5665.63,223.969,1107,0.0939412,1.36361,170,1,0.000260019,0
./WORKING//matrices//gre_115.pbin,1,10,500,115,115,416.091,63.3492,115,0.550863,1.46032,39,2,0.00396877,0
./WORKING//matrices//gre_185.pbin,1,10,500,185,185,979.472,60.8437,155,0.39254,1.55844,31,3,0.00181372,0
./WORKING//matrices//gre_216a.pbin,1,10,500,216,216,817.934,51,152,0.335526,1.25,14,2,0.00127076,0
./WORKING//matrices//gre_216b.pbin,1,10,500,216,216,817.934,36.5835,152,0.240681,1.97093,14,2,0.00437302,0
./WORKING//matrices//gre_343.pbin,1,10,500,343,343,1316.19,70,218,0.321101,1.25,18,2,0.000784107,0
./WORKING//matrices//gre_512.pbin,1,10,500,512,509,1987.58,91.5363,295.733,0.30771,1.25,24,2,0.000515258,0
./WORKING//matrices//Hamrle1.pbin,1,10,500,32,32,87.7037,4.05393,5,0.810785,315.748,24,2,117.536,0
./WORKING//matrices//Harvard500.pbin,1,10,500,500,500,2617.17,73,73,1,195,446,1,0.0100649,0
./WORKING//matrices//hor_131.pbin,1,10,500,434,434,4167.01,15.9576,434,0.0367687,0.901788,421,4,2.27652e-05,0
./WORKING//matrices//hydr1.pbin,1,10,500,5308,520,21646,0,0,-nan,556995,4535,0,3.63461e+06,0
./WORKING//matrices//ibm32.pbin,1,10,500,32,32,122.074,32,32,1,8,26,2,0.106593,0
./WORKING//matrices//impcol_a.pbin,1,10,500,207,207,568.738,585.593,8,73.1991,1984.9,167,1,132.419,0
./WORKING//matrices//impcol_b.pbin,1,10,500,59,59,287.352,15.6537,17,0.920805,10.2412,43,1,0.0585628,0
./WORKING//matrices//impcol_c.pbin,1,10,500,137,137,400.621,175,51,3.43137,120,91,1,1.15422,0
./WORKING//matrices//impcol_d.pbin,1,10,500,425,425,1252.74,24.5,28,0.875,12,406,1,0.108399,0
./WORKING//matrices//init_adder1.pbin,1,10,500,1813,518,10022.3,0.297109,1802.5,4.70948e-05,1.05315,1763,0,3.30945e-06,0
./WORKING//matrices//jagmesh1.pbin,1,10,500,936,515,6231.89,936,936,0.550214,7,733,1,0.00706954,1
./WORKING//matrices//jagmesh2.pbin,1,10,500,1009,515,6891.47,1009,1009,0.510406,7,991,1,0.00672962,1
./WORKING//matrices//jagmesh3.pbin,1,10,500,1089,517,7363.82,1089,1089,0.474747,7,1058,1,0.00617612,1
./WORKING//matrices//jagmesh4.pbin,1,10,500,1440,516,9518.4,1440,1440,0.358333,7,1408,1,0.00457206,1
./WORKING//matrices//jagmesh5.pbin,1,10,500,1180,517,7726.64,1180,1180,0.438136,7,668,1,0.0055225,1
./WORKING//matrices//jagmesh6.pbin,1,10,500,1377,517,8972.53,1377,1377,0.375454,7,331,1,0.00471265,1
./WORKING//matrices//jagmesh7.pbin,1,10,500,1138,515,7483.49,1138,1138,0.452548,7,891,1,0.0057497,1
./WORKING//matrices//jagmesh8.pbin,1,10,500,1141,516,7393.68,1141,1141,0.452235,7,225,1,0.00565132,1
./WORKING//matrices//jagmesh9.pbin,1,10,500,1349,515,9089.56,1349,1349,0.381764,7,1024,1,0.0049733,1
./WORKING//matrices//jan99jac020.pbin,1,10,500,6774,519,33260.3,1.97251e+07,6747.9,223.961,608500,6528,0,977903,0
./WORKING//matrices//jan99jac020sc.pbin,1,10,500,6774,519,33260.3,17973.3,6747.9,0.204072,256,6528,0,0.0279767,0
./WORKING//matrices//jan99jac040.pbin,1,10,500,13694,520,70058.5,2.20345e+07,13694,61.1006,619636,3195,1,1.02055e+06,0
./WORKING//matrices//jan99jac040sc.pbin,1,10,500,13694,520,70058.5,69575.2,13694,0.192929,256,3195,1,0.0544672,0
./WORKING//matrices//jan99jac060.pbin,1,10,500,20614,519,133579,3.35729e+07,20574.3,41.0837,745260,6771,0,357055,0
./WORKING//matrices//jan99jac060sc.pbin,1,10,500,20614,518,118778,75387.9,20574.2,0.0920759,256.008,6224,0,0.0194471,0
./WORKING//matrices//jgl009.pbin,1,10,500,9,9,51.75,8,8,1,9,8,3,0.256944,0
./WORKING//matrices//jgl011.pbin,1,10,500,11,11,66,10,10,1,11,10,4,0.224242,0
./WORKING//matrices//jpwh_991.pbin,1,10,500,991,515,6110.51,5143.58,991,2.69728,21,197,1,0.0390313,0
./WORKING//matrices//lap_25.pbin,1,10,500,25,25,178.75,25,25,1,9,6,4,0.2075,1
./WORKING//matrices//lhr01.pbin,1,10,500,1477,519,18752,34.1507,36.9961,0.324362,9.99952,1120,0,0.00179951,0
./WORKING//matrices//lhr04c.pbin,1,10,500,4101,519,75171.3,96.3129,150.133,0.0811869,5.74702,3594,0,0.00074209,0
./WORKING//matrices//lhr04.pbin,1,10,500,4101,519,75163.1,96.2181,150.133,0.081107,5.74702,3594,0,0.000741791,0
./WORKING//matrices//lns_131.pbin,1,10,500,131,131,538.556,59.1469,112,0.528097,1.81886e+10,111,1,1.39089e+16,0
./WORKING//matrices//lns_3937.pbin,1,10,500,3937,520,25338.5,1.12475e+07,3217.74,461.68,1.4583e+11,3202,0,7.59679e+16,0
./WORKING//matrices//lns_511.pbin,1,10,500,511,509,2811.52,26819.3,421.65,63.3567,7.22798e+10,421,1,4.36629e+16,0
./WORKING//matrices//lnsp_131.pbin,1,10,500,131,131,548.952,59.1469,112,0.528097,1.81886e+10,32,1,1.39191e+16,0
./WORKING//matrices//lnsp3937.pbin,1,10,500,3937,517,25259.8,5.30572e+07,3251.64,2142.73,1.4715e+11,87,0,1.11073e+17,0
./WORKING//matrices//lnsp_511.pbin,1,10,500,511,509,2818.68,26819.4,422.654,63.2063,7.22798e+10,57,1,3.90504e+16,0
./WORKING//matrices//lock1074.pbin,1,10,500,1074,516,52054.6,1032.37,1032.37,0.480447,47,593,0,0.0429575,1
./WORKING//matrices//lock2232.pbin,1,10,500,2232,518,80968,2175.98,2175.98,0.232079,22,148,0,0.0159714,1
./WORKING//matrices//lock3491.pbin,1,10,500,3491,520,161096,3410.44,3410.44,0.148954,24,1352,0,0.013034,1
./WORKING//matrices//lock_700.pbin,1,10,500,700,512,22547,693.164,693.164,0.731429,48,681,0,0.0436543,1
./WORKING//matrices//lop163.pbin,1,10,500,163,163,940.861,71.5571,163,0.439001,1,36,3,0.00284252,0
./WORKING//matrices//lshp1009.pbin,1,10,500,1009,517,6889.45,1009,1009,0.512389,7,991,1,0.00672765,1
./WORKING//matrices//lshp1270.pbin,1,10,500,1270,518,8669.02,1270,1270,0.407874,7,1244,1,0.00534992,1
./WORKING//matrices//lshp1561.pbin,1,10,500,1561,512,10649.1,1561,1561,0.327995,7,1539,1,0.00435383,1
./WORKING//matrices//lshp1882.pbin,1,10,500,1882,517,12970.7,1882,1882,0.274708,7,1857,1,0.00365053,1
./WORKING//matrices//lshp2233.pbin,1,10,500,2233,517,15367.5,2233,2233,0.231527,7,2156,1,0.00307379,1
./WORKING//matrices//lshp2614.pbin,1,10,500,2614,519,17984.3,2614,2614,0.198546,7,2580,1,0.00262603,1
./WORKING//matrices//lshp_265.pbin,1,10,500,265,265,1751.04,265,265,1,7,256,4,0.0243955,1
./WORKING//matrices//lshp3025.pbin,1,10,500,3025,517,20824.1,3025,3025,0.170909,7,2992,1,0.00227125,1
./WORKING//matrices//lshp3466.pbin,1,10,500,3466,517,23839.1,3466,3466,0.149163,7,3434,1,0.00198103,1
./WORKING//matrices//lshp_406.pbin,1,10,500,406,406,2714.43,406,406,1,7,394,4,0.0162329,1
./WORKING//matrices//lshp_577.pbin,1,10,500,577,510,3887.83,577,577,0.883882,7,563,3,0.0115599,1
./WORKING//matrices//lshp_778.pbin,1,10,500,778,513,5265.5,778,778,0.659383,7,761,2,0.00863395,1
./WORKING//matrices//lund_a.pbin,1,10,500,147,147,2494.86,1.27097e+10,147,8.64605e+07,2.85021e+08,23,5,9.06214e+13,1
./WORKING//matrices//lund_b.pbin,1,10,500,147,147,2486.58,225600,147,1534.7,9433.68,23,5,39555.2,1
./WORKING//matrices//lung1.pbin,1,10,500,1650,517,7240.2,20604.5,1650,3.91277,595.595,172,1,10.4578,0
./WORKING//matrices//m3plates.pbin,1,10,500,11107,519,7064.05,481.939,7040.85,0.00319843,0.126939,0,0,3.02597e-07,1
./WORKING//matrices//mahindas.pbin,1,10,500,1258,515,8715.42,116.146,122.136,0.389302,100,1241,0,0.0546038,0
./WORKING//matrices//man_5976.pbin,1,10,500,5976,520,225666,5826.6,5826.6,0.0870147,12,431,0,0.00627612,1
./WORKING//matrices//mark3jac020.pbin,1,10,500,9129,519,51779.7,156490,9076.23,0.980222,26042.1,1375,0,1.084e+08,0
./WORKING//matrices//mark3jac020sc.pbin,1,10,500,9129,519,51779.7,5.46489e+07,9076.23,342.311,1.04858e+06,1375,0,574406,0
./WORKING//matrices//mark3jac040.pbin,1,10,500,18289,520,103113,56835.5,18183.5,0.0888702,3.60467e+06,1349,0,2.58874e+07,0
./WORKING//matrices//mark3jac040sc.pbin,1,10,500,18289,520,103113,5.76795e+07,18183.5,90.1899,327688,1349,0,192685,0
./WORKING//matrices//mbeacxc.pbin,1,10,500,496,496,50173.8,15.9532,404,0.0394882,16.5516,490,0,9.09392e-05,0
./WORKING//matrices//mbeaflw.pbin,1,10,500,496,496,50173.8,98402.4,404,243.57,57837.3,490,0,6075.05,0
./WORKING//matrices//mbeause.pbin,1,10,500,496,496,41226.6,98476.2,400,246.19,57837.3,490,0,6559.94,0
./WORKING//matrices//mcca.pbin,1,10,500,180,180,2712.34,3.52588e+19,180,1.95882e+17,3.09988e+19,42,4,1.41051e+34,0
./WORKING//matrices//meg1.pbin,1,10,500,2904,518,64068,88021,33.6371,466.768,197777,2827,0,65305.5,0
./WORKING//matrices//meg4.pbin,1,10,500,5860,520,23404.8,1.54403e+07,5702.23,240.28,50520.6,5542,0,6463.89,1
./WORKING//matrices//memplus.pbin,1,10,500,17758,520,111946,531.97,17758,0.000877208,0.386509,17751,1,1.80987e-07,1
./WORKING//matrices//mesh1e1.pbin,1,10,500,48,48,310.326,221.104,48,4.60634,10.9369,47,4,0.516538,1
./WORKING//matrices//mesh1em1.pbin,1,10,500,48,48,310.326,466.944,48,9.728,43.6386,47,4,3.6426,1
./WORKING//matrices//mesh1em6.pbin,1,10,500,48,48,310.326,157.554,48,3.28237,9.5829,47,4,0.265666,1
./WORKING//matrices//mesh2e1.pbin,1,10,500,306,306,2022.04,8283.79,306,27.0712,491.701,285,3,11.0601,1
./WORKING//matrices//mesh2em5.pbin,1,10,500,306,306,2022.04,2840.25,306,9.28187,292.649,285,3,2.45873,1
./WORKING//matrices//mesh3e1.pbin,1,10,500,289,289,1378.86,1313,289,4.54325,9,281,3,0.0857779,1
./WORKING//matrices//mesh3em5.pbin,1,10,500,289,289,1378.86,801.001,289,2.77163,5,281,3,0.0331558,1
./WORKING//matrices//mhda416.pbin,1,10,500,416,416,8606.44,7.74731,161,0.0481199,3199.07,29,1,48.1819,0
./WORKING//matrices//mhdb416.pbin,1,10,500,416,416,2326.97,31.2322,416,0.0750773,2.50002,18,1,0.000126112,1
./WORKING//matrices//msc00726.pbin,1,10,500,726,513,35062.9,3.22858e+11,726,3.14236e+08,6.95847e+09,188,9,1.00224e+15,1
./WORKING//matrices//msc01050.pbin,1,10,500,1050,516,26873.7,3.87632e+08,1050,181423,2.41462e+07,784,2,2.00268e+09,1
./WORKING//matrices//msc01440.pbin,1,10,500,1440,516,45440.6,2.70712e+08,1440,67364.7,1.24173e+06,1393,2,6.80093e+07,1
./WORKING//matrices//msc04515.pbin,1,10,500,4515,519,97334.4,8.14859e+12,4515,2.0746e+08,2.06782e+10,162,1,6.20254e+15,1
./WORKING//matrices//mult_dcop_01.pbin,1,10,500,25187,520,160290,1.28066,24508.9,1.07879e-06,1.00005,24628,0,3.97031e-07,0
./WORKING//matrices//nasa1824.pbin,1,10,500,1824,516,39606.3,1.17619e+09,1824,182422,2.2625e+07,237,1,1.90961e+09,1
./WORKING//matrices//nasa2146.pbin,1,10,500,2146,519,72663.6,1.31439e+10,2146,1.48127e+06,2.96471e+07,81,2,4.23555e+10,1
./WORKING//matrices//nasa2910.pbin,1,10,500,2910,518,179466,5.48048e+09,2910,335245,1.24085e+08,854,1,2.01313e+10,1
./WORKING//matrices//nasa4704.pbin,1,10,500,4704,518,108286,6.85215e+09,4704,160407,8.23989e+07,423,1,9.94014e+09,1
./WORKING//matrices//nnc1374.pbin,1,10,500,1374,516,8428.12,0.000360041,897.36,1.50677e-07,1124.54,617,0,47.9384,0
./WORKING//matrices//nnc261.pbin,1,10,500,261,261,1510.95,0.0292705,150,0.000195137,1789.08,64,1,230.738,0
./WORKING//matrices//nnc666.pbin,1,10,500,666,511,4014.65,0.00468155,427.491,8.40251e-06,1572.81,261,0,101.471,0
./WORKING//matrices//nopoly.pbin,1,10,500,10774,519,70224.9,113926,10774,0.509374,20,10493,1,0.0131187,1
./WORKING//matrices//nos1.pbin,1,10,500,237,237,1024.62,9.75934e+10,237,4.11787e+08,2.5344e+09,4,2,3.19362e+15,1
./WORKING//matrices//nos2.pbin,1,10,500,957,513,4126.58,2.28954e+13,957,1.28245e+10,1.58515e+11,4,1,2.95057e+18,1
./WORKING//matrices//nos3.pbin,1,10,500,960,513,16014.7,195145,960,108.626,749.542,43,1,64.4394,1
./WORKING//matrices//nos4.pbin,1,10,500,100,100,607.368,33.7976,100,0.337976,0.943108,13,2,0.00181002,1
./WORKING//matrices//nos5.pbin,1,10,500,468,468,5181.36,8.63778e+07,468,184568,684120,178,7,1.13343e+08,1
./WORKING//matrices//nos6.pbin,1,10,500,675,511,3256.2,4.38557e+08,675,491858,8e+06,30,1,4.42432e+09,1
./WORKING//matrices//nos7.pbin,1,10,500,729,512,4620.4,1.76739e+08,729,170274,1.2e+07,81,2,1.87373e+09,1
./WORKING//matrices//odepa400.pbin,1,10,500,400,400,1201.01,798.03,400,1.99507,5.08,399,2,0.0150376,0
./WORKING//matrices//odepb400.pbin,1,10,500,400,400,400,7.9667e-12,399,1.99667e-14,2.66e-14,0,0,1.03612e-30,1
./WORKING//matrices//olm1000.pbin,1,10,500,1000,514,4000,2.53119e+06,1000,1301.03,101722,2,1,1.59263e+06,0
./WORKING//matrices//olm100.pbin,1,10,500,100,100,400,2425.36,100,24.2536,1049.45,2,2,1741.12,0
./WORKING//matrices//olm500.pbin,1,10,500,500,500,2000,318117,500,636.234,25528.6,2,2,201261,0
./WORKING//matrices//orani678.pbin,1,10,500,2529,518,100492,152.767,248.994,0.125667,6.214,2306,0,0.000695849,0
./WORKING//matrices//orsirr_1.pbin,1,10,500,1030,516,6925.72,3.02645e+07,1030,14720,534386,554,1,3.24783e+06,1
./WORKING//matrices//orsirr_2.pbin,1,10,500,886,512,5941.52,2.15815e+07,886,14076.2,533896,554,1,3.1578e+06,1
./WORKING//matrices//orsreg_1.pbin,1,10,500,2205,516,14200.2,3.03213e+07,2205,3217.96,33985,441,1,150825,1
./WORKING//matrices//oscil_dcop_01.pbin,1,10,500,430,430,1549.01,1.30557e+07,366,35671.4,2.00401e+06,329,1,9.38445e+07,0
./WORKING//matrices//oscil_dcop_02.pbin,1,10,500,430,430,1549.01,1.30567e+07,366,35674,2.00401e+06,329,1,9.38477e+07,0
./WORKING//matrices//oscil_dcop_03.pbin,1,10,500,430,430,1549.01,1.3056e+07,366,35672.2,2.00401e+06,329,1,9.38451e+07,0
./WORKING//matrices//oscil_dcop_04.pbin,1,10,500,430,430,1549.01,1.30558e+07,366,35671.7,2.00401e+06,329,1,9.38498e+07,0
./WORKING//matrices//oscil_dcop_05.pbin,1,10,500,430,430,1549.01,1.30559e+07,366,35671.7,2.00401e+06,329,1,9.3849e+07,0
./WORKING//matrices//oscil_dcop_06.pbin,1,10,500,430,430,1549.01,1.30572e+07,366,35675.3,2.00401e+06,329,1,9.38443e+07,0
./WORKING//matrices//oscil_dcop_07.pbin,1,10,500,430,430,1549.01,1.30562e+07,366,35672.7,2.00401e+06,329,1,9.38443e+07,0
./WORKING//matrices//oscil_dcop_08.pbin,1,10,500,430,430,1549.01,1.30559e+07,366,35671.8,2.00401e+06,329,1,9.38444e+07,0
./WORKING//matrices//oscil_dcop_09.pbin,1,10,500,430,430,1549.01,1.30557e+07,366,35671.4,2.00401e+06,329,1,9.38444e+07,0
./WORKING//matrices//oscil_dcop_10.pbin,1,10,500,430,430,1549.01,1.30557e+07,366,35671.3,2.00401e+06,329,1,9.38445e+07,0
./WORKING//matrices//oscil_dcop_11.pbin,1,10,500,430,430,1549.01,1.30557e+07,366,35671.2,2.00401e+06,329,1,9.38445e+07,0
./WORKING//matrices//oscil_dcop_12.pbin,1,10,500,430,430,1549.01,1.30557e+07,366,35671.3,2.00401e+06,329,1,9.38445e+07,0
./WORKING//matrices//oscil_dcop_13.pbin,1,10,500,430,430,1549.01,1.30557e+07,366,35671.2,2.00401e+06,329,1,9.38445e+07,0
./WORKING//matrices//oscil_dcop_14.pbin,1,10,500,430,430,1549.01,1.30557e+07,366,35671.2,2.00401e+06,329,1,9.38445e+07,0
./WORKING//matrices//oscil_dcop_15.pbin,1,10,500,430,430,1549.01,1.30557e+07,366,35671.2,2.00401e+06,329,1,9.38444e+07,0
./WORKING//matrices//oscil_dcop_16.pbin,1,10,500,430,430,1549.01,1.30557e+07,366,35671.2,2.00401e+06,329,1,9.38444e+07,0
./WORKING//matrices//oscil_dcop_17.pbin,1,10,500,430,430,1549.01,1.30557e+07,366,35671.2,2.00401e+06,329,1,9.38444e+07,0
./WORKING//matrices//oscil_dcop_18.pbin,1,10,500,430,430,1549.01,1.30557e+07,366,35671.3,2.00401e+06,329,1,9.38444e+07,0
./WORKING//matrices//oscil_dcop_19.pbin,1,10,500,430,430,1549.01,1.30557e+07,366,35671.2,2.00401e+06,329,1,9.38445e+07,0
./WORKING//matrices//oscil_dcop_20.pbin,1,10,500,430,430,1549.01,1.30557e+07,366,35671.2,2.00401e+06,329,1,9.38445e+07,0
./WORKING//matrices//oscil_dcop_21.pbin,1,10,500,430,430,1549.01,1.30557e+07,366,35671.2,2.00401e+06,329,1,9.38445e+07,0
./WORKING//matrices//oscil_dcop_22.pbin,1,10,500,430,430,1549.01,1.30557e+07,366,35671.2,2.00401e+06,329,1,9.38445e+07,0
./WORKING//matrices//oscil_dcop_23.pbin,1,10,500,430,430,1549.01,1.30557e+07,366,35671.2,2.00401e+06,329,1,9.38445e+07,0
./WORKING//matrices//oscil_dcop_24.pbin,1,10,500,430,430,1549.01,1.30557e+07,366,35671.2,2.00401e+06,329,1,9.38445e+07,0
./WORKING//matrices//oscil_dcop_25.pbin,1,10,500,430,430,1549.01,1.30557e+07,366,35671.2,2.00401e+06,329,1,9.38445e+07,0
./WORKING//matrices//oscil_dcop_26.pbin,1,10,500,430,430,1549.01,1.30557e+07,366,35671.2,2.00401e+06,329,1,9.38445e+07,0
./WORKING//matrices//oscil_dcop_27.pbin,1,10,500,430,430,1549.01,1.30557e+07,366,35671.2,2.00401e+06,329,1,9.38445e+07,0
./WORKING//matrices//oscil_dcop_28.pbin,1,10,500,430,430,1549.01,1.30557e+07,366,35671.2,2.00401e+06,329,1,9.38445e+07,0
./WORKING//matrices//oscil_dcop_29.pbin,1,10,500,430,430,1549.01,1.30557e+07,366,35671.2,2.00401e+06,329,1,9.38445e+07,0
./WORKING//matrices//oscil_dcop_30.pbin,1,10,500,430,430,1549.01,1.30557e+07,366,35671.2,2.00401e+06,329,1,9.38445e+07,0
./WORKING//matrices//oscil_dcop_31.pbin,1,10,500,430,430,1549.01,1.30557e+07,366,35671.2,2.00401e+06,329,1,9.38445e+07,0
./WORKING//matrices//oscil_dcop_32.pbin,1,10,500,430,430,1549.01,1.30557e+07,366,35671.2,2.00401e+06,329,1,9.38445e+07,0
./WORKING//matrices//oscil_dcop_33.pbin,1,10,500,430,430,1549.01,1.30557e+07,366,35671.2,2.00401e+06,329,1,9.38445e+07,0
./WORKING//matrices//oscil_dcop_34.pbin,1,10,500,430,430,1549.01,1.30557e+07,366,35671.2,2.00401e+06,329,1,9.38445e+07,0
./WORKING//matrices//oscil_dcop_35.pbin,1,10,500,430,430,1549.01,1.30557e+07,366,35671.2,2.00401e+06,329,1,9.38445e+07,0
./WORKING//matrices//oscil_dcop_36.pbin,1,10,500,430,430,1549.01,1.30557e+07,366,35671.2,2.00401e+06,329,1,9.38445e+07,0
./WORKING//matrices//oscil_dcop_37.pbin,1,10,500,430,430,1549.01,1.30557e+07,366,35671.2,2.00401e+06,329,1,9.38445e+07,0
./WORKING//matrices//oscil_dcop_38.pbin,1,10,500,430,430,1549.01,1.30557e+07,366,35671.2,2.00401e+06,329,1,9.38445e+07,0
./WORKING//matrices//oscil_dcop_39.pbin,1,10,500,430,430,1549.01,1.30557e+07,366,35671.2,2.00401e+06,329,1,9.38445e+07,0
./WORKING//matrices//oscil_dcop_40.pbin,1,10,500,430,430,1549.01,1.30557e+07,366,35671.2,2.00401e+06,329,1,9.38445e+07,0
./WORKING//matrices//oscil_dcop_41.pbin,1,10,500,430,430,1549.01,1.30557e+07,366,35671.2,2.00401e+06,329,1,9.38445e+07,0
./WORKING//matrices//oscil_dcop_42.pbin,1,10,500,430,430,1549.01,1.30557e+07,366,35671.2,2.00401e+06,329,1,9.38445e+07,0
./WORKING//matrices//oscil_dcop_43.pbin,1,10,500,430,430,1549.01,1.30557e+07,366,35671.2,2.00401e+06,329,1,9.38445e+07,0
./WORKING//matrices//oscil_dcop_44.pbin,1,10,500,430,430,1549.01,1.30557e+07,366,35671.2,2.00401e+06,329,1,9.38445e+07,0
./WORKING//matrices//oscil_dcop_45.pbin,1,10,500,430,430,1549.01,1.30557e+07,366,35671.2,2.00401e+06,329,1,9.38445e+07,0
./WORKING//matrices//oscil_dcop_46.pbin,1,10,500,430,430,1549.01,1.30557e+07,366,35671.2,2.00401e+06,329,1,9.38445e+07,0
./WORKING//matrices//oscil_dcop_47.pbin,1,10,500,430,430,1549.01,1.30557e+07,366,35671.2,2.00401e+06,329,1,9.38445e+07,0
./WORKING//matrices//oscil_dcop_48.pbin,1,10,500,430,430,1549.01,1.30557e+07,366,35671.2,2.00401e+06,329,1,9.38445e+07,0
./WORKING//matrices//oscil_dcop_49.pbin,1,10,500,430,430,1549.01,1.30557e+07,366,35671.2,2.00401e+06,329,1,9.38445e+07,0
./WORKING//matrices//oscil_dcop_50.pbin,1,10,500,430,430,1549.01,1.30557e+07,366,35671.2,2.00401e+06,329,1,9.38445e+07,0
./WORKING//matrices//oscil_dcop_51.pbin,1,10,500,430,430,1549.01,1.30557e+07,366,35671.2,2.00401e+06,329,1,9.38445e+07,0
./WORKING//matrices//oscil_dcop_52.pbin,1,10,500,430,430,1549.01,1.30557e+07,366,35671.2,2.00401e+06,329,1,9.38445e+07,0
./WORKING//matrices//oscil_dcop_53.pbin,1,10,500,430,430,1549.01,1.30557e+07,366,35671.2,2.00401e+06,329,1,9.38445e+07,0
./WORKING//matrices//oscil_dcop_54.pbin,1,10,500,430,430,1549.01,1.30557e+07,366,35671.2,2.00401e+06,329,1,9.38445e+07,0
./WORKING//matrices//oscil_dcop_55.pbin,1,10,500,430,430,1549.01,1.30557e+07,366,35671.2,2.00401e+06,329,1,9.38445e+07,0
./WORKING//matrices//oscil_dcop_56.pbin,1,10,500,430,430,1549.01,1.30557e+07,366,35671.2,2.00401e+06,329,1,9.38445e+07,0
./WORKING//matrices//oscil_dcop_57.pbin,1,10,500,430,430,1549.01,1.30557e+07,366,35671.2,2.00401e+06,329,1,9.38445e+07,0
./WORKING//matrices//oscil_trans_01.pbin,1,10,500,430,430,1619.84,1.65386e+07,396,41764.3,2.00401e+06,329,1,1.08524e+08,0
./WORKING//matrices//pcrystk02.pbin,1,10,500,13965,519,968920,13965,13965,0.0371643,12,461,1,0.00494281,1
./WORKING//matrices//pcrystk03.pbin,1,10,500,24696,520,1.73717e+06,24696,24696,0.021056,9,572,1,0.00283998,1
./WORKING//matrices//pde225.pbin,1,10,500,225,225,1070.8,948.788,225,4.21684,13.886,15,3,0.114648,1
./WORKING//matrices//pde2961.pbin,1,10,500,2961,520,14597.7,10563.7,2961,0.626531,9.12484,47,1,0.0057345,1
./WORKING//matrices//pde900.pbin,1,10,500,900,516,4379.4,3815.43,900,2.43057,12.8335,30,1,0.026362,1
./WORKING//matrices//pesa.pbin,1,10,500,11738,519,79301.9,131402,11738,0.494974,26,10915,1,0.0132162,1
./WORKING//matrices//pivtol.pbin,1,10,500,102,102,306,4.87418,102,0.0477861,2,101,2,1.6077e-05,0
./WORKING//matrices//pkustk01.pbin,1,10,500,22044,520,979150,22044,22044,0.0235892,9,21023,1,0.0020101,1
./WORKING//matrices//pkustk02.pbin,1,10,500,10800,519,810130,10800,10800,0.0480556,15,10672,1,0.00688995,1
./WORKING//matrices//plat1919.pbin,1,10,500,1919,518,32565.4,591.558,1919,0.0832103,2.25131,1297,1,0.000135365,1
./WORKING//matrices//plat362.pbin,1,10,500,362,362,5811.27,66.4608,362,0.183593,0.977647,249,4,0.000193134,1
./WORKING//matrices//plsk1919.pbin,1,10,500,1919,518,9625.7,0,0,-nan,1.66172,1296,0,0.000160818,1
./WORKING//matrices//plskz362.pbin,1,10,500,362,362,1766.4,0,0,-nan,1.34611,248,1,0.000510706,1
./WORKING//matrices//poisson2D.pbin,1,10,500,367,367,2423.01,190.187,367,0.51822,1,348,3,0.000862782,1
./WORKING//matrices//poli_large.pbin,1,10,500,15575,520,33019,15575,15575,0.0333868,8.2742,15446,1,0.000110854,0
./WORKING//matrices//poli.pbin,1,10,500,4008,519,8264.5,4008,4008,0.129491,4.0918,3880,1,0.000349404,0
./WORKING//matrices//pores_1.pbin,1,10,500,30,30,182.4,6.08495e+07,30,2.02832e+06,3.89616e+07,11,4,5.88001e+11,0
./WORKING//matrices//pores_2.pbin,1,10,500,1224,517,9331.78,4.2537e+08,1224,146789,6.96003e+07,453,1,1.17158e+10,0
./WORKING//matrices//pores_3.pbin,1,10,500,532,509,3493.11,5.66861e+06,532,10194.6,199899,77,1,1.57645e+06,0
./WORKING//matrices//problem1.pbin,1,10,500,415,415,2785.56,1389.27,415,3.34763,8.36282,315,4,0.0337854,1
./WORKING//matrices//radfr1.pbin,1,10,500,1048,515,13336.8,98.9124,93.6078,0.51926,604.17,948,0,0.664033,0
./WORKING//matrices//raefsky5.pbin,1,10,500,6316,520,173778,3.71186e+10,6316,483850,2.2035e+08,3041,1,4.88168e+10,0
./WORKING//matrices//raefsky6.pbin,1,10,500,3402,516,125956,1.65045e+16,3402,7.35839e+11,3.97743e+14,2269,1,2.96908e+23,0
./WORKING//matrices//rajat01.pbin,1,10,500,6833,519,36816.2,6411.7,6411.7,0.0759549,82,6826,0,0.000787729,0
./WORKING//matrices//rajat02.pbin,1,10,500,1960,515,11634.6,1914.33,1914.33,0.262755,118,1949,0,0.00292875,1
./WORKING//matrices//rajat03.pbin,1,10,500,7602,520,32810.2,98972.5,7426.57,0.911595,40,7593,0,0.0523109,1
./WORKING//matrices//rajat04.pbin,1,10,500,1041,515,8502.89,170285,998.551,84.3649,27086.5,1012,0,1095.34,0
./WORKING//matrices//rajat05.pbin,1,10,500,301,301,1220.27,176.074,298,0.590853,7.20904,298,1,0.00627759,0
./WORKING//matrices//rajat06.pbin,1,10,500,10922,520,47073.8,10585.9,10585.9,0.0476103,3,10913,0,0.000394488,1
./WORKING//matrices//rajat07.pbin,1,10,500,14842,520,63019.1,14413.9,14413.9,0.0350357,3,14833,0,0.000286013,1
./WORKING//matrices//rajat08.pbin,1,10,500,19362,520,83566.4,18878,18878,0.0268567,3,19353,0,0.00022287,1
./WORKING//matrices//rajat11.pbin,1,10,500,135,135,648,71.4701,132,0.54144,15.0011,133,1,0.0310331,0
./WORKING//matrices//rajat12.pbin,1,10,500,1879,515,10642.7,5627.4,1846.16,0.835446,505.11,1877,1,0.0136983,0
./WORKING//matrices//rajat13.pbin,1,10,500,7598,519,37731.7,2.06278e+07,7510.16,187.616,399999,7594,1,47170.8,1
./WORKING//matrices//rajat14.pbin,1,10,500,180,180,1198.29,147903,171,864.927,108204,177,1,237183,0
./WORKING//matrices//rbsa480.pbin,1,10,500,480,480,16998.1,2276,42,54.1905,2105,477,35,235.464,0
./WORKING//matrices//rbsb480.pbin,1,10,500,480,480,16995,2216,43,51.5349,2032,477,35,247.396,0
./WORKING//matrices//rdb2048.pbin,1,10,500,2048,519,12042.2,54546.2,2048,6.7495,79.146,64,1,0.532032,1
./WORKING//matrices//rdb5000.pbin,1,10,500,5000,519,29700,315577,5000,6.55138,155.106,100,1,1.14677,1
./WORKING//matrices//rdb968.pbin,1,10,500,968,513,5658.93,12375.1,968,6.77511,43.306,44,1,0.312482,1
./WORKING//matrices//rdist1.pbin,1,10,500,4134,518,94263.5,9096.06,422.977,2.69461,794.477,3934,0,0.80606,0
./WORKING//matrices//rdist2.pbin,1,10,500,3198,517,56790.1,62.7735,278.356,0.0364576,36.9157,2940,0,0.0068177,0
./WORKING//matrices//rdist3a.pbin,1,10,500,2398,515,62026.7,2228.12,507.538,0.94282,1277.5,2276,0,6.00833,0
./WORKING//matrices//rgg010.pbin,1,10,500,10,10,70,10,10,1,10,9,4,0.153333,0
./WORKING//matrices//rw136.pbin,1,10,500,136,136,486.901,0,0,-nan,1,15,1,0.00281303,0
./WORKING//matrices//rw496.pbin,1,10,500,496,496,1867.83,0,0,-nan,1,30,1,0.000724366,0
./WORKING//matrices//saylr3.pbin,1,10,500,1000,515,3772,900.122,1000,0.463563,5.18412,100,1,0.00193791,1
./WORKING//matrices//saylr4.pbin,1,10,500,3564,517,22488.8,2.04138e+07,3564,830.883,13307.2,198,1,15330.7,1
./WORKING//matrices//sherman1.pbin,1,10,500,1000,517,3666,876.194,1000,0.452992,5.0264,100,1,0.00181918,1
./WORKING//matrices//sherman2.pbin,1,10,500,1080,513,23150.9,2.66846e+09,1080,1.17363e+06,3.01625e+09,221,1,3.95929e+13,0
./WORKING//matrices//sherman4.pbin,1,10,500,1104,512,3746.98,9845.45,1104,4.13588,63.1043,368,1,0.198772,1
./WORKING//matrices//sherman5.pbin,1,10,500,3312,519,20242.9,213460,3312,10.0996,4595.68,1106,1,23.6955,0
./WORKING//matrices//shermanACa.pbin,1,10,500,3432,519,22843.4,4232.54,3432,0.186498,405.318,3151,1,0.196095,0
./WORKING//matrices//shermanACb.pbin,1,10,500,18510,520,115688,12337.9,18510,0.0187254,24.3659,17797,1,0.00108638,0
./WORKING//matrices//shermanACd.pbin,1,10,500,6136,519,41098.9,744.38,6136,0.010261,7.76737,5983,1,0.000338887,0
./WORKING//matrices//shl_0.pbin,1,10,500,663,514,1688,6.44942,6.44942,0.775264,57797,534,0,170.861,0
./WORKING//matrices//shl_200.pbin,1,10,500,663,514,1717.17,7.7393,7.7393,0.775264,55808,538,0,165.234,0
./WORKING//matrices//shl_400.pbin,1,10,500,663,514,1703.91,3.86965,3.86965,0.775264,48778,538,0,156.26,0
./WORKING//matrices//shuttle_eddy.pbin,1,10,500,10429,520,102809,10429,10429,0.049861,5,9554,1,0.000944402,1
./WORKING//matrices//shyy41.pbin,1,10,500,4720,520,20003.4,91836.6,3013.54,3.35738,98.5792,40,0,0.200653,0
./WORKING//matrices//sinc12.pbin,1,10,500,7500,519,283545,0,0,-nan,7.20938e+06,6087,0,9.7596e+07,0
./WORKING//matrices//skirt.pbin,1,10,500,12598,519,191943,12598,12598,0.041197,9,823,1,0.00120778,1
./WORKING//matrices//sphere2.pbin,1,10,500,66,66,453.344,66,66,1,7,19,5,0.0946196,1
./WORKING//matrices//sphere3.pbin,1,10,500,258,258,1797.84,258,258,1,7,47,5,0.026381,1
./WORKING//matrices//sstmodel.pbin,1,10,500,3345,520,22759.4,3345,3345,0.155456,6,158,1,0.00202906,1
./WORKING//matrices//steam1.pbin,1,10,500,240,240,2257.02,6.36648e+08,240,2.6527e+06,2.17195e+07,144,5,1.25482e+11,0
./WORKING//matrices//steam2.pbin,1,10,500,600,509,5656.8,6.56154e+11,600,9.27728e+08,4.68561e+09,330,1,7.58797e+15,0
./WORKING//matrices//steam3.pbin,1,10,500,80,80,318.933,2.78783e+10,80,3.48479e+08,1.73857e+10,40,1,5.69558e+16,0
./WORKING//matrices//str_0.pbin,1,10,500,363,363,2480.16,2,2,1,33.044,206,1,0.0077085,0
./WORKING//matrices//str_200.pbin,1,10,500,363,363,3081.44,2,2,1,18.6163,307,1,0.01058,0
./WORKING//matrices//str_400.pbin,1,10,500,363,363,3171.69,2,2,1,33.4787,347,1,0.0119508,0
./WORKING//matrices//str_600.pbin,1,10,500,363,363,3295.39,4.36942,4,1.09235,33.4787,334,1,0.0179019,0
./WORKING//matrices//struct4.pbin,1,10,500,4350,518,237040,4350,4350,0.11908,22,548,1,0.0123475,1
./WORKING//matrices//swang1.pbin,1,10,500,3169,517,20776,31.3685,3169,0.00161488,0.0191213,2923,1,3.42787e-08,1
./WORKING//matrices//swang2.pbin,1,10,500,3169,517,20776,33.5891,3169,0.0017292,0.0244538,2923,1,4.09993e-08,1
./WORKING//matrices//tandem_vtx.pbin,1,10,500,18454,520,250458,18454,18454,0.0281782,5,18411,1,0.000734917,1
./WORKING//matrices//thermal.pbin,1,10,500,3456,516,67661.6,2025.06,3456,0.0874864,1.29264,2297,1,0.00013568,1
./WORKING//matrices//tub100.pbin,1,10,500,100,100,400,96148.8,100,961.488,2032.21,2,3,14185.1,1
./WORKING//matrices//utm1700b.pbin,1,10,500,1700,516,22161.2,921.537,1700,0.164537,3.47897,254,1,0.00058846,0
./WORKING//matrices//utm300.pbin,1,10,500,300,300,3191.19,186.984,300,0.623281,5.59186,74,1,0.00334129,0
./WORKING//matrices//utm5940.pbin,1,10,500,5940,518,83207.5,3553.88,5940,0.0521746,2.43608,494,1,0.000168371,0
./WORKING//matrices//wang1.pbin,1,10,500,2903,517,19130.8,616.323,2903,0.0378098,1.80207,224,1,3.85559e-05,1
./WORKING//matrices//wang2.pbin,1,10,500,2903,517,19130.8,613.014,2903,0.0376068,1.80207,224,1,3.59419e-05,1
./WORKING//matrices//watt_1.pbin,1,10,500,1856,518,11373.6,189.9,1856,0.0285561,1,64,1,3.77155e-05,0
./WORKING//matrices//watt_2.pbin,1,10,500,1856,518,11507.2,186.317,1856,0.0280173,2,64,1,3.77155e-05,0
./WORKING//matrices//west0067.pbin,1,10,500,67,67,289.613,0.188005,2,0.0940025,6.59006,59,1,0.0397607,0
./WORKING//matrices//west0132.pbin,1,10,500,132,132,414.709,3.47996,6,0.579993,317301,94,1,7.59727e+06,0
./WORKING//matrices//west0156.pbin,1,10,500,156,156,365.722,0,0,-nan,1.90239e+07,147,1,1.60659e+10,0
./WORKING//matrices//west0167.pbin,1,10,500,167,167,507.185,30.685,14,2.19179,318719,158,1,1.50722e+07,0
./WORKING//matrices//west0479.pbin,1,10,500,479,479,1894.78,70.0344,8,8.7543,318714,388,1,2.22258e+06,0
./WORKING//matrices//west0497.pbin,1,10,500,497,497,1726.37,6869.66,6,1144.94,692277,416,1,6.08427e+06,0
./WORKING//matrices//west0655.pbin,1,10,500,655,512,2777.2,4.59779,3.83789,0.93645,318502,564,0,924150,0
./WORKING//matrices//west0989.pbin,1,10,500,989,512,3439.74,44225.5,7.72656,2963.2,318714,853,0,1.83947e+06,0
./WORKING//matrices//west1505.pbin,1,10,500,1505,518,5577.53,3.39201,5.81081,0.200916,317810,1370,0,1.07853e+06,0
./WORKING//matrices//west2021.pbin,1,10,500,2021,514,7283.68,4.73562,7.86381,0.153158,316220,788,0,801346,0
./WORKING//matrices//will199.pbin,1,10,500,199,199,693.423,22,22,1,6,169,1,0.0172295,0
./WORKING//matrices//will57.pbin,1,10,500,57,57,267.462,57,57,1,11,44,2,0.0757784,0
./WORKING//matrices//young3c.pbin,1,10,500,841,512,3996.43,151016,841,109.321,479.605,30,1,58.1886,0
./WORKING//matrices//zenios.pbin,1,10,500,2873,518,1356.06,0,0,-nan,0.641099,1310,0,8.79343e-06,1
