Matrix Name, Comm Size , Edge, Interior ,Dimension,npoints,nnz,AbsoluteTrace,DiagonalNonZeros,DiagonalAverage,InfinityNorm,lowerBandwidth,MinNonZeroPerRow,ColumnVariance,NonZeroPatternSymmetry
./WORKING//matrices//494_bus.pbin,1,10,10,494,30,1729,260901,494,32.0733,10032.6,428,1,41167.4,1
./WORKING//matrices//662_bus.pbin,1,10,10,662,30,2581.8,117975,662,8.07597,1422.9,296,1,21.0192,1
./WORKING//matrices//685_bus.pbin,1,10,10,685,30,3219.5,761492,685,48.6862,26447.4,221,1,466.73,1
./WORKING//matrices//adder_dcop_01.pbin,1,10,10,1813,30,8521.1,2.26297,1752.57,2.13662e-05,1.03625,1476,1,4.98282e-11,0
./WORKING//matrices//adder_dcop_02.pbin,1,10,10,1813,30,8521.1,26.1758,1752.57,0.000247143,1.40629,1476,1,1.97074e-09,0
./WORKING//matrices//adder_dcop_03.pbin,1,10,10,1813,30,7977.2,46.8142,1752.57,0.000442004,1.72641,1476,1,3.01767e-09,0
./WORKING//matrices//adder_dcop_04.pbin,1,10,10,1813,30,8158.5,62.2795,1752.57,0.000588022,1.96373,1476,1,6.56709e-09,0
./WORKING//matrices//adder_dcop_05.pbin,1,10,10,1813,30,8339.8,205.346,1752.57,0.00193881,4.33765,1476,1,7.16712e-09,0
./WORKING//matrices//adder_dcop_06.pbin,1,10,10,1813,30,8339.8,101.7,1752.57,0.000960214,2.61573,1476,1,6.94943e-09,0
./WORKING//matrices//adder_dcop_07.pbin,1,10,10,1813,30,8339.8,207.535,1752.57,0.00195948,4.37022,1476,1,7.13145e-09,0
./WORKING//matrices//adder_dcop_08.pbin,1,10,10,1813,30,8521.1,115.225,1752.57,0.00108792,2.83838,1476,1,7.92674e-09,0
./WORKING//matrices//adder_dcop_09.pbin,1,10,10,1813,30,8339.8,875.569,1752.57,0.00826683,15.4312,1476,1,7.08767e-09,0
./WORKING//matrices//adder_dcop_10.pbin,1,10,10,1813,30,8521.1,121.436,1752.57,0.00114656,2.95204,1476,1,6.98286e-09,0
./WORKING//matrices//adder_dcop_11.pbin,1,10,10,1813,30,8521.1,62.0443,1752.57,0.000585802,1.96436,1476,1,7.01362e-09,0
./WORKING//matrices//adder_dcop_12.pbin,1,10,10,1813,30,8521.1,47.5991,1752.57,0.000449415,1.71904,1476,1,7.78517e-09,0
./WORKING//matrices//adder_dcop_13.pbin,1,10,10,1813,30,8521.1,40.0592,1752.57,0.000378225,1.59459,1476,1,7.3616e-09,0
./WORKING//matrices//adder_dcop_14.pbin,1,10,10,1813,30,8521.1,46.7803,1752.57,0.000441684,1.71688,1476,1,6.83602e-09,0
./WORKING//matrices//adder_dcop_15.pbin,1,10,10,1813,30,8339.8,39.3959,1752.57,0.000371963,1.58968,1476,1,7.01527e-09,0
./WORKING//matrices//adder_dcop_16.pbin,1,10,10,1813,30,8521.1,34.2397,1752.57,0.00032328,1.50359,1476,1,6.96621e-09,0
./WORKING//matrices//adder_dcop_17.pbin,1,10,10,1813,30,8521.1,32.4234,1752.57,0.000306131,1.47087,1476,1,7.03487e-09,0
./WORKING//matrices//adder_dcop_18.pbin,1,10,10,1813,30,8521.1,31.7877,1752.57,0.000300129,1.46016,1476,1,7.07088e-09,0
./WORKING//matrices//adder_dcop_19.pbin,1,10,10,1813,30,8521.1,31.5364,1752.57,0.000297757,1.45415,1476,1,7.1282e-09,0
./WORKING//matrices//adder_dcop_20.pbin,1,10,10,1813,30,8521.1,29.5421,1752.57,0.000278927,1.42054,1476,1,7.52409e-09,0
./WORKING//matrices//adder_dcop_21.pbin,1,10,10,1813,30,8521.1,24.2681,1752.57,0.000229131,1.33295,1476,1,7.31131e-09,0
./WORKING//matrices//adder_dcop_22.pbin,1,10,10,1813,30,8521.1,24.2651,1752.57,0.000229103,1.33325,1476,1,7.02609e-09,0
./WORKING//matrices//adder_dcop_23.pbin,1,10,10,1813,30,8521.1,24.2877,1752.57,0.000229316,1.33366,1476,1,7.01363e-09,0
./WORKING//matrices//adder_dcop_24.pbin,1,10,10,1813,30,8521.1,24.2804,1752.57,0.000229248,1.33352,1476,1,7.0136e-09,0
./WORKING//matrices//adder_dcop_25.pbin,1,10,10,1813,30,8521.1,24.4426,1752.57,0.000230779,1.33369,1476,1,7.56847e-09,0
./WORKING//matrices//adder_dcop_26.pbin,1,10,10,1813,30,8521.1,24.3647,1752.57,0.000230043,1.33362,1476,1,7.17394e-09,0
./WORKING//matrices//adder_dcop_27.pbin,1,10,10,1813,30,8521.1,24.3142,1752.57,0.000229566,1.33354,1476,1,7.0537e-09,0
./WORKING//matrices//adder_dcop_28.pbin,1,10,10,1813,30,8521.1,24.2947,1752.57,0.000229383,1.33366,1476,1,7.02103e-09,0
./WORKING//matrices//adder_dcop_29.pbin,1,10,10,1813,30,8521.1,24.2705,1752.57,0.000229154,1.33348,1476,1,7.01473e-09,0
./WORKING//matrices//adder_dcop_30.pbin,1,10,10,1813,30,8521.1,24.2737,1752.57,0.000229184,1.33366,1476,1,7.01372e-09,0
./WORKING//matrices//adder_dcop_31.pbin,1,10,10,1813,29,9065,24.9111,1750.48,0.000227633,1.33505,1408,1,3.84501e-09,0
./WORKING//matrices//adder_dcop_32.pbin,1,10,10,1813,29,9065,24.9266,1750.48,0.000227775,1.33534,1408,1,3.84501e-09,0
./WORKING//matrices//adder_dcop_33.pbin,1,10,10,1813,29,9065,24.9267,1750.48,0.000227776,1.33537,1408,1,3.84501e-09,0
./WORKING//matrices//adder_dcop_34.pbin,1,10,10,1813,29,9065,24.9093,1750.48,0.000227616,1.33511,1408,1,3.84501e-09,0
./WORKING//matrices//adder_dcop_35.pbin,1,10,10,1813,29,9065,24.8753,1750.48,0.000227306,1.3346,1408,1,3.84501e-09,0
./WORKING//matrices//adder_dcop_36.pbin,1,10,10,1813,29,9065,26.4632,1750.48,0.000241816,1.36003,1408,1,3.84501e-09,0
./WORKING//matrices//adder_dcop_37.pbin,1,10,10,1813,29,9065,25.17,1750.48,0.000229999,1.33929,1408,1,3.84501e-09,0
./WORKING//matrices//adder_dcop_38.pbin,1,10,10,1813,29,9065,24.9196,1750.48,0.000227711,1.33529,1408,1,3.84501e-09,0
./WORKING//matrices//adder_dcop_39.pbin,1,10,10,1813,29,9065,24.9056,1750.48,0.000227583,1.33507,1408,1,3.84501e-09,0
./WORKING//matrices//adder_dcop_40.pbin,1,10,10,1813,29,9065,24.9912,1750.48,0.000228365,1.33644,1408,1,3.84501e-09,0
./WORKING//matrices//adder_dcop_41.pbin,1,10,10,1813,29,9065,24.9101,1750.48,0.000227624,1.33514,1408,1,3.84501e-09,0
./WORKING//matrices//adder_dcop_42.pbin,1,10,10,1813,29,9065,24.8993,1750.48,0.000227525,1.33497,1408,1,3.84501e-09,0
./WORKING//matrices//adder_dcop_43.pbin,1,10,10,1813,29,9065,24.912,1750.48,0.000227641,1.33517,1408,1,3.84501e-09,0
./WORKING//matrices//adder_dcop_44.pbin,1,10,10,1813,29,9065,24.9026,1750.48,0.000227555,1.33502,1408,1,3.84501e-09,0
./WORKING//matrices//adder_dcop_45.pbin,1,10,10,1813,29,9065,24.9129,1750.48,0.00022765,1.33518,1408,1,3.84501e-09,0
./WORKING//matrices//adder_dcop_46.pbin,1,10,10,1813,29,9065,24.9074,1750.48,0.0002276,1.3351,1408,1,3.84501e-09,0
./WORKING//matrices//adder_dcop_47.pbin,1,10,10,1813,29,9065,24.9025,1750.48,0.000227555,1.33502,1408,1,3.84501e-09,0
./WORKING//matrices//adder_dcop_48.pbin,1,10,10,1813,29,9065,24.8991,1750.48,0.000227523,1.33496,1408,1,3.84501e-09,0
./WORKING//matrices//adder_dcop_49.pbin,1,10,10,1813,29,9065,24.906,1750.48,0.000227586,1.33507,1408,1,3.84501e-09,0
./WORKING//matrices//adder_dcop_50.pbin,1,10,10,1813,29,9065,24.8953,1750.48,0.000227489,1.3349,1408,1,3.84501e-09,0
./WORKING//matrices//adder_dcop_51.pbin,1,10,10,1813,29,9065,24.765,1750.48,0.000226298,1.33282,1408,1,3.84501e-09,0
./WORKING//matrices//adder_dcop_52.pbin,1,10,10,1813,29,9065,24.306,1750.48,0.000222103,1.32548,1408,1,3.84501e-09,0
./WORKING//matrices//adder_dcop_53.pbin,1,10,10,1813,29,9065,24.3099,1750.48,0.00022214,1.32554,1408,1,3.84501e-09,0
./WORKING//matrices//adder_dcop_54.pbin,1,10,10,1813,29,9065,24.3102,1750.48,0.000222142,1.32554,1408,1,3.84501e-09,0
./WORKING//matrices//adder_dcop_55.pbin,1,10,10,1813,29,9065,24.3102,1750.48,0.000222142,1.32554,1408,1,3.84501e-09,0
./WORKING//matrices//adder_dcop_56.pbin,1,10,10,1813,29,9065,24.3102,1750.48,0.000222142,1.32554,1408,1,3.84501e-09,0
./WORKING//matrices//adder_dcop_57.pbin,1,10,10,1813,29,9065,24.3102,1750.48,0.000222142,1.32554,1408,1,3.84501e-09,0
./WORKING//matrices//adder_dcop_58.pbin,1,10,10,1813,29,9065,24.3102,1750.48,0.000222142,1.32554,1408,1,3.84501e-09,0
./WORKING//matrices//adder_dcop_59.pbin,1,10,10,1813,29,9065,24.3102,1750.48,0.000222142,1.32554,1408,1,3.84501e-09,0
./WORKING//matrices//adder_dcop_60.pbin,1,10,10,1813,29,9065,24.3102,1750.48,0.000222142,1.32554,1408,1,3.84501e-09,0
./WORKING//matrices//adder_dcop_61.pbin,1,10,10,1813,29,9065,24.3102,1750.48,0.000222142,1.32554,1408,1,3.84501e-09,0
./WORKING//matrices//adder_dcop_62.pbin,1,10,10,1813,29,9065,24.3102,1750.48,0.000222142,1.32554,1408,1,3.84501e-09,0
./WORKING//matrices//adder_dcop_63.pbin,1,10,10,1813,29,9065,24.3102,1750.48,0.000222142,1.32554,1408,1,3.84501e-09,0
./WORKING//matrices//adder_dcop_64.pbin,1,10,10,1813,29,9065,24.3102,1750.48,0.000222142,1.32554,1408,1,3.84501e-09,0
./WORKING//matrices//adder_dcop_65.pbin,1,10,10,1813,29,9065,24.3102,1750.48,0.000222142,1.32554,1408,1,3.84501e-09,0
./WORKING//matrices//adder_dcop_66.pbin,1,10,10,1813,29,9065,24.3102,1750.48,0.000222142,1.32554,1408,1,3.84501e-09,0
./WORKING//matrices//adder_dcop_67.pbin,1,10,10,1813,29,9065,24.3102,1750.48,0.000222142,1.32554,1408,1,3.84501e-09,0
./WORKING//matrices//adder_dcop_68.pbin,1,10,10,1813,29,9065,24.3102,1750.48,0.000222142,1.32554,1408,1,3.84501e-09,0
./WORKING//matrices//adder_dcop_69.pbin,1,10,10,1813,29,9065,24.3102,1750.48,0.000222142,1.32554,1408,1,3.84501e-09,0
./WORKING//matrices//adder_trans_01.pbin,1,10,10,1814,30,10339.8,450.209,1753.53,0.00424604,8.07892,1802,1,5.39945e-07,1
./WORKING//matrices//adder_trans_02.pbin,1,10,10,1814,30,10339.8,450.209,1753.53,0.00424604,8.07892,1802,1,5.39945e-07,1
./WORKING//matrices//aft01.pbin,1,10,10,8205,30,152613,61784.9,8205,0.0275326,61.8698,154,1,0.0133995,1
./WORKING//matrices//Alemdar.pbin,1,10,10,6245,30,34972,6245,6245,0.00480384,10,5534,1,0.0597777,1
./WORKING//matrices//arc130.pbin,1,10,10,130,30,416,139.062,130,0.246855,2.18767,125,3,1.87256e+07,0
./WORKING//matrices//ash292.pbin,1,10,10,292,30,2014.8,292,292,0.10274,7,22,1,0.0231335,1
./WORKING//matrices//ash85.pbin,1,10,10,85,28,544,85,85,0.329412,6,39,1,0.070112,1
./WORKING//matrices//b1_ss.pbin,1,10,10,7,7,14,6,6,1,3,6,2,0.241845,0
./WORKING//matrices//b2_ss.pbin,1,10,10,1089,30,3702.6,0,0,-nan,240.333,678,0,1.85115e+06,0
./WORKING//matrices//barth4.pbin,1,10,10,6019,30,39725.4,6019,6019,0.00498422,4,1409,1,0.00109549,1
./WORKING//matrices//barth5.pbin,1,10,10,15606,30,110803,15606,15606,0.00192234,5,11810,1,0.000454775,1
./WORKING//matrices//barth.pbin,1,10,10,6691,30,44829.7,6691,6691,0.00448363,3,5583,1,0.00100046,1
./WORKING//matrices//bayer04.pbin,1,10,10,20545,30,65744,0,0,-nan,20000,16340,0,1.14392e+07,0
./WORKING//matrices//bayer05.pbin,1,10,10,3268,30,10784.4,0,0,-nan,0,3008,0,8.18906,1
./WORKING//matrices//bayer06.pbin,1,10,10,3008,30,12332.8,0,0,-nan,0.0310139,2720,0,9.96675e-06,0
./WORKING//matrices//bayer07.pbin,1,10,10,3268,30,11111.2,0,0,-nan,0,3008,0,8.07244,1
./WORKING//matrices//bayer08.pbin,1,10,10,3008,30,12332.8,0,0,-nan,0.331458,2720,0,0.00111623,0
./WORKING//matrices//bayer09.pbin,1,10,10,3083,30,16031.6,0,0,-nan,12384.6,2669,0,0.0266137,0
./WORKING//matrices//bayer10.pbin,1,10,10,13436,30,37620.8,0,0,-nan,0.006407,9995,0,2.65913e-05,0
./WORKING//matrices//bcspwr01.pbin,1,10,10,39,25,120.9,39,39,0.641026,4,38,1,0.0740891,1
./WORKING//matrices//bcspwr02.pbin,1,10,10,49,28,166.6,49,49,0.571429,5,34,1,0.064966,1
./WORKING//matrices//bcspwr03.pbin,1,10,10,118,29,507.4,118,118,0.245763,6,115,1,0.0351079,1
./WORKING//matrices//bcspwr04.pbin,1,10,10,274,30,1260.4,274,274,0.109489,3,265,1,0.0164514,1
./WORKING//matrices//bcspwr05.pbin,1,10,10,443,30,1506.2,443,443,0.0677201,4,435,1,0.00762592,1
./WORKING//matrices//bcspwr06.pbin,1,10,10,1454,29,5670.6,1454,1454,0.019945,4,612,1,0.0026762,1
./WORKING//matrices//bcspwr07.pbin,1,10,10,1612,30,6931.6,1612,1612,0.0186104,4,240,1,0.00266133,1
./WORKING//matrices//bcspwr08.pbin,1,10,10,1624,30,4709.6,1624,1624,0.0184729,4,704,1,0.00178336,1
./WORKING//matrices//bcspwr09.pbin,1,10,10,1723,30,6375.1,1723,1723,0.0174115,2,1499,1,0.00214364,1
./WORKING//matrices//bcspwr10.pbin,1,10,10,5300,30,23320,5300,5300,0.00566038,1,4938,1,0.000829455,1
./WORKING//matrices//bcsstk01.pbin,1,10,10,48,28,412.8,3.54587e+10,48,4.30921e+08,2.97787e+09,35,2,2.24816e+16,1
./WORKING//matrices//bcsstk02.pbin,1,10,10,66,29,4356,295501,66,1967.29,16469.8,65,29,713325,1
./WORKING//matrices//bcsstk03.pbin,1,10,10,112,29,649.6,2.79628e+12,112,6.46461e+09,2.11874e+11,7,1,2.16523e+17,1
./WORKING//matrices//bcsstk04.pbin,1,10,10,132,29,3168,2.36445e+08,132,393532,8.78658e+06,41,2,1.29593e+11,1
./WORKING//matrices//bcsstk05.pbin,1,10,10,153,28,2142,1.0213e+08,153,122160,3.48541e+06,25,1,1.4309e+10,1
./WORKING//matrices//bcsstk06.pbin,1,10,10,420,30,7518,1.87851e+11,420,3.19474e+07,2.38525e+09,47,1,2.79186e+15,1
./WORKING//matrices//bcsstk07.pbin,1,10,10,420,30,7518,1.87851e+11,420,3.19474e+07,2.38525e+09,47,1,2.79186e+15,1
./WORKING//matrices//bcsstk08.pbin,1,10,10,1074,29,10525.2,3.28986e+12,1074,8.27117e+07,7.66691e+10,590,1,2.91965e+14,1
./WORKING//matrices//bcsstk09.pbin,1,10,10,1083,30,17436.3,1.70927e+10,1083,437195,6.65414e+07,62,1,3.982e+11,1
./WORKING//matrices//bcsstk10.pbin,1,10,10,1086,30,20851.2,3.72576e+09,1086,94771.3,1.74114e+07,37,1,9.37624e+10,1
./WORKING//matrices//bcsstk11.pbin,1,10,10,1473,29,33142.5,1.3182e+11,1473,1.76186e+06,6.15431e+08,59,1,4.23361e+13,1
./WORKING//matrices//bcsstk12.pbin,1,10,10,1473,29,33142.5,1.3182e+11,1473,1.76186e+06,6.15431e+08,59,1,4.23361e+13,1
./WORKING//matrices//bcsstk13.pbin,1,10,10,2003,30,64897.2,2.85561e+13,2003,2.1353e+08,2.66228e+11,695,1,6.68764e+18,1
./WORKING//matrices//bcsstk14.pbin,1,10,10,1806,30,58695,6.62879e+11,1806,6.09706e+06,2.00796e+09,155,1,6.0338e+14,1
./WORKING//matrices//bcsstk15.pbin,1,10,10,3948,30,118045,7.07976e+11,3948,1.36265e+06,2.51362e+09,420,1,3.91267e+11,1
./WORKING//matrices//bcsstk16.pbin,1,10,10,4884,30,265201,1.53366e+12,4884,1.92885e+06,1.08951e+09,136,1,1.03866e+14,1
./WORKING//matrices//bcsstk18.pbin,1,10,10,11948,30,157714,3.79126e+12,11948,796736,5.56286e+09,1182,1,2.79086e+14,1
./WORKING//matrices//bcsstk19.pbin,1,10,10,817,29,7271.3,1.23604e+16,817,5.37014e+11,1.69839e+14,295,1,1.54406e+24,1
./WORKING//matrices//bcsstk20.pbin,1,10,10,485,30,2910,8.06063e+15,485,1.02803e+12,3.49722e+14,15,1,2.54984e+25,1
./WORKING//matrices//bcsstk21.pbin,1,10,10,3600,30,27360,8.9191e+10,3600,206461,1.07296e+08,125,1,4.87928e+11,1
./WORKING//matrices//bcsstk22.pbin,1,10,10,138,30,634.8,7.74342e+07,138,121982,5.2374e+06,111,1,9.19871e+09,1
./WORKING//matrices//bcsstk23.pbin,1,10,10,3134,30,45129.6,2.28141e+17,3134,6.96829e+11,1.17304e+15,443,1,6.316e+21,1
./WORKING//matrices//bcsstk26.pbin,1,10,10,1922,30,26908,1.18446e+12,1922,9.61912e+06,5.57188e+09,224,1,1.26779e+15,1
./WORKING//matrices//bcsstk27.pbin,1,10,10,1224,30,48470.4,2.08671e+08,1224,4178.5,1.24292e+06,44,1,2.33296e+08,1
./WORKING//matrices//bcsstk29.pbin,1,10,10,13992,30,614249,13992,13992,0.00214408,10,720,1,0.00312649,1
./WORKING//matrices//bcsstk33.pbin,1,10,10,8738,30,698166,8738,8738,0.00343328,10,548,1,0.00906003,1
./WORKING//matrices//bcsstk34.pbin,1,10,10,588,30,20932.8,7.98314e+08,588,69269.2,1.3957e+07,76,1,6.33475e+10,1
./WORKING//matrices//bcsstm01.pbin,1,10,10,48,30,24,3520,24,91.6667,200,0,0,291.667,1
./WORKING//matrices//bcsstm02.pbin,1,10,10,66,28,66,5.47593,66,0.0351988,0.172829,0,1,0.000162575,1
./WORKING//matrices//bcsstm03.pbin,1,10,10,112,30,67.2,76186.6,74.6667,273.31,5403.5,0,0,0.0452509,1
./WORKING//matrices//bcsstm04.pbin,1,10,10,132,29,52.8,5.35419,59.1724,0.0198792,0.172829,0,0,5.69856e-05,1
./WORKING//matrices//bcsstm05.pbin,1,10,10,153,30,153,62.7415,153,0.080407,0.927954,0,1,0.000562064,1
./WORKING//matrices//bcsstm06.pbin,1,10,10,420,30,420,850061,420,144.568,6713.36,0,1,19307.2,1
./WORKING//matrices//bcsstm07.pbin,1,10,10,420,30,8526,193446,420,32.899,2106.34,47,1,1366.33,1
./WORKING//matrices//bcsstm08.pbin,1,10,10,1074,29,1074,3.89132e+07,1074,978.331,1.03538e+06,0,1,9.9816e+07,1
./WORKING//matrices//bcsstm09.pbin,1,10,10,1083,30,1083,0.0841754,1083,2.15303e-06,0.00025902,0,1,1.23899e-11,1
./WORKING//matrices//bcsstm10.pbin,1,10,10,1086,29,23131.8,4.56143e+06,1086,112.16,14408.2,37,1,78780,1
./WORKING//matrices//bcsstm11.pbin,1,10,10,1473,30,1473,6664.06,1473,0.0921413,31.5781,0,1,8.12726e-05,1
./WORKING//matrices//bcsstm12.pbin,1,10,10,1473,30,17676,1672.15,1473,0.0231201,7.86121,645,1,1.92115e-05,1
./WORKING//matrices//bcsstm13.pbin,1,10,10,2003,30,8212.3,5998.5,1335.33,0.0672812,59.5139,253,0,0.192542,1
./WORKING//matrices//bcsstm19.pbin,1,10,10,817,29,817,1.07007e+09,817,46490.9,7.06223e+06,0,1,6.48906e+09,1
./WORKING//matrices//bcsstm20.pbin,1,10,10,485,30,485,1.01236e+09,485,129114,4.74692e+07,0,1,4.75757e+11,1
./WORKING//matrices//bcsstm21.pbin,1,10,10,3600,30,3600,0.262512,3600,6.07667e-07,0.000146606,0,1,2.40376e-12,1
./WORKING//matrices//bcsstm22.pbin,1,10,10,138,30,138,0.0979042,138,0.000154228,0.00159036,0,1,8.35938e-09,1
./WORKING//matrices//bcsstm23.pbin,1,10,10,3134,30,3134,7.39892e+08,3134,2259.91,820758,0,1,4.78303e+07,1
./WORKING//matrices//bcsstm24.pbin,1,10,10,3562,30,3562,7.9507e+07,3562,187.992,223678,0,1,65127.4,1
./WORKING//matrices//bcsstm25.pbin,1,10,10,15439,30,15439,1.66712e+11,15439,20982.2,3.21113e+08,0,1,6.67903e+11,1
./WORKING//matrices//bcsstm26.pbin,1,10,10,1922,30,1922,167.079,1922,0.00135686,0.369505,0,1,7.50373e-06,1
./WORKING//matrices//bcsstm27.pbin,1,10,10,1224,30,48470.4,363511,1224,7.27907,1406.5,44,1,370.897,1
./WORKING//matrices//bcsstm34.pbin,1,10,10,588,30,23461.2,122.184,588,0.0106018,2.70191,76,1,0.00162883,1
./WORKING//matrices//bcsstm38.pbin,1,10,10,8032,30,10441.6,12.7817,5086.93,9.38493e-06,0.0308595,5,0,1.87417e-08,1
./WORKING//matrices//b_dyn.pbin,1,10,10,1089,29,6098.4,2.12658,37.5517,0.00150807,30.3288,249,0,0.00617591,0
./WORKING//matrices//bfwa398.pbin,1,10,10,398,30,3263.6,1254.07,398,0.237507,9.23593,279,1,0.0505675,1
./WORKING//matrices//bfwa62.pbin,1,10,10,62,26,452.6,208.016,62,1.40697,11.1293,44,2,0.43362,0
./WORKING//matrices//bfwa782.pbin,1,10,10,782,30,7116.2,2141.35,782,0.10505,8.52688,391,1,0.0124067,1
./WORKING//matrices//bfwb398.pbin,1,10,10,398,30,3184,0.00349563,398,6.62035e-07,3.2e-05,300,1,3.86829e-13,1
./WORKING//matrices//bfwb62.pbin,1,10,10,62,26,322.4,0.00344872,62,2.33264e-05,0.000175,44,1,1.10245e-10,1
./WORKING//matrices//bfwb782.pbin,1,10,10,782,30,4692,0.00528259,782,2.59152e-07,2.05716e-05,247,1,1.19368e-13,1
./WORKING//matrices//big.pbin,1,10,10,13209,30,87179.4,142657,13209,0.0245287,28,11910,1,0.011387,1
./WORKING//matrices//blckhole.pbin,1,10,10,2132,30,14924,2132,2132,0.0140713,7,848,1,0.00327406,1
./WORKING//matrices//bp_0.pbin,1,10,10,822,30,3534.6,27.4,27.4,0.0364964,5,329,0,0.942274,0
./WORKING//matrices//bp_1000.pbin,1,10,10,822,30,3205.8,27.4,27.4,0.0364964,5,732,0,3.27528,0
./WORKING//matrices//bp_1200.pbin,1,10,10,822,30,3781.2,27.4,27.4,0.0364964,19.05,804,0,3.53312,0
./WORKING//matrices//bp_1400.pbin,1,10,10,822,30,4027.8,27.4,27.4,0.0364964,5,804,0,3.27545,0
./WORKING//matrices//bp_1600.pbin,1,10,10,822,30,3452.4,27.4,27.4,0.0364964,5,804,0,3.2753,0
./WORKING//matrices//bp_200.pbin,1,10,10,822,30,3534.6,27.4,27.4,0.0364964,5,776,0,0.942274,0
./WORKING//matrices//bp_400.pbin,1,10,10,822,30,3699,27.4,27.4,0.0364964,5,755,0,3.354,0
./WORKING//matrices//bp_600.pbin,1,10,10,822,30,3699,27.4,27.4,0.0364964,5,755,0,3.354,0
./WORKING//matrices//bp_800.pbin,1,10,10,822,30,3370.2,27.4,27.4,0.0364964,5,755,0,3.27512,0
./WORKING//matrices//bwm200.pbin,1,10,10,200,30,800,92976.9,200,69.7327,1239.84,100,1,1804.35,1
./WORKING//matrices//cage10.pbin,1,10,10,11397,30,141323,7285.25,11397,0.00168261,0.954983,5301,1,4.36944e-05,1
./WORKING//matrices//cage3.pbin,1,10,10,5,5,-nan,2.33333,5,0.466667,2,4,3,-nan,1
./WORKING//matrices//cage4.pbin,1,10,10,9,9,51.75,5,9,0.555556,1.25,7,5,0.0308294,1
./WORKING//matrices//cage5.pbin,1,10,10,37,26,244.2,22.1762,37,0.42117,1.33333,23,2,0.0114617,1
./WORKING//matrices//cage6.pbin,1,10,10,93,28,790.5,54.6285,93,0.176853,0.966777,38,2,0.00401141,1
./WORKING//matrices//cage7.pbin,1,10,10,340,30,3604,193.885,340,0.0503162,0.971523,144,1,0.000923491,1
./WORKING//matrices//cage8.pbin,1,10,10,1015,30,11672.5,656.301,1015,0.0191114,0.943729,336,1,0.000391592,1
./WORKING//matrices//cage9.pbin,1,10,10,3534,30,41347.8,2226,3534,0.00534703,0.949982,1233,1,0.000141279,1
./WORKING//matrices//can_1054.pbin,1,10,10,1054,30,13069.6,1054,1054,0.028463,6,992,1,0.0115868,1
./WORKING//matrices//can_1072.pbin,1,10,10,1072,30,12113.6,1072,1072,0.0279851,6,993,1,0.0104193,1
./WORKING//matrices//can_144.pbin,1,10,10,144,30,1339.2,144,144,0.208333,11,142,1,0.0603584,1
./WORKING//matrices//can_161.pbin,1,10,10,161,28,1416.8,161,161,0.173913,10,79,1,0.0519798,1
./WORKING//matrices//can_187.pbin,1,10,10,187,30,1514.7,187,187,0.160428,5,63,1,0.0416077,1
./WORKING//matrices//can_229.pbin,1,10,10,229,29,1832,229,229,0.126638,5,172,1,0.033816,1
./WORKING//matrices//can_24.pbin,1,10,10,24,24,160.8,24,24,1,9,21,4,0.205254,1
./WORKING//matrices//can_256.pbin,1,10,10,256,29,2892.8,256,256,0.113281,6,251,1,0.0419807,1
./WORKING//matrices//can_268.pbin,1,10,10,268,29,2492.4,268,268,0.108209,13,263,1,0.0335667,1
./WORKING//matrices//can_292.pbin,1,10,10,292,29,1839.6,292,292,0.0993151,9,282,1,0.0211517,1
./WORKING//matrices//can_445.pbin,1,10,10,445,30,4094,445,445,0.0674157,6,403,1,0.0202905,1
./WORKING//matrices//can_61.pbin,1,10,10,61,30,597.8,61,61,0.491803,15,49,2,0.135847,1
./WORKING//matrices//can_62.pbin,1,10,10,62,26,198.4,62,62,0.419355,5,13,1,0.0494976,1
./WORKING//matrices//can_634.pbin,1,10,10,634,30,8685.8,634,634,0.0473186,5,389,1,0.0211035,1
./WORKING//matrices//can_715.pbin,1,10,10,715,30,5577,715,715,0.041958,5,204,1,0.0108006,1
./WORKING//matrices//can_73.pbin,1,10,10,73,27,365,73,73,0.369863,9,39,1,0.0639269,1
./WORKING//matrices//can_838.pbin,1,10,10,838,30,10391.2,838,838,0.0357995,4,837,1,0.0145371,1
./WORKING//matrices//can_96.pbin,1,10,10,96,29,806.4,96,96,0.302083,5,31,1,0.0805263,1
./WORKING//matrices//cavity01.pbin,1,10,10,317,29,6910.6,745.497,284.207,0.239966,9.24444,102,1,0.0629803,0
./WORKING//matrices//cavity03.pbin,1,10,10,317,29,7037.4,939.148,284.207,0.3023,48.5766,102,1,0.357357,0
./WORKING//matrices//cavity04.pbin,1,10,10,317,29,5832.8,1155.12,284.207,0.371818,68.9075,102,1,0.94731,1
./WORKING//matrices//cavity05.pbin,1,10,10,1182,30,39124.2,2970.76,945.6,0.0797377,8.62222,177,0,0.0225507,0
./WORKING//matrices//cavity07.pbin,1,10,10,1182,30,39242.4,2969.36,945.6,0.0797002,27.8579,177,0,0.0337695,0
./WORKING//matrices//cavity08.pbin,1,10,10,1182,30,37351.2,3091.41,945.6,0.082976,37.5318,177,0,0.056254,1
./WORKING//matrices//cavity09.pbin,1,10,10,1182,30,40897.2,3485.26,985,0.0898055,47.0276,177,0,0.173776,0
./WORKING//matrices//cavity12.pbin,1,10,10,2597,30,41032.6,7062.46,2164.17,0.0376977,21.2221,252,0,0.019345,0
./WORKING//matrices//cavity13.pbin,1,10,10,2597,30,39474.4,7099.78,2164.17,0.0378969,27.82,252,0,0.0235921,1
./WORKING//matrices//cavity14.pbin,1,10,10,2597,30,41032.6,7153.47,2164.17,0.0381835,34.3189,252,0,0.0316623,0
./WORKING//matrices//cavity15.pbin,1,10,10,2597,30,39474.4,7539.76,2164.17,0.0402454,40.7274,252,0,0.0416228,1
./WORKING//matrices//cavity23.pbin,1,10,10,4562,30,104470,12010.5,3497.53,0.0225821,25.3331,327,0,0.0119874,1
./WORKING//matrices//cavity24.pbin,1,10,10,4562,30,109944,12004.9,3497.53,0.0225717,27.7989,327,0,0.0131828,0
./WORKING//matrices//cavity25.pbin,1,10,10,4562,30,104470,12001.2,3497.53,0.0225647,30.2519,327,0,0.0141595,1
./WORKING//matrices//cavity26.pbin,1,10,10,4562,30,109944,11997.6,3497.53,0.0225579,32.6921,327,0,0.0155516,0
./WORKING//matrices//cdde1.pbin,1,10,10,961,30,4516.7,3815.85,961,0.123955,6.9082,31,1,0.0202868,1
./WORKING//matrices//cdde3.pbin,1,10,10,961,30,4516.7,3768.92,961,0.122431,6.85938,31,1,0.0198854,1
./WORKING//matrices//cdde5.pbin,1,10,10,961,30,4516.7,3609.38,961,0.117248,6.69336,31,1,0.0185577,1
./WORKING//matrices//cegb2802.pbin,1,10,10,2802,30,316906,2521.8,2521.8,0.0107066,10,203,0,0.0386617,1
./WORKING//matrices//cegb2919.pbin,1,10,10,2919,30,309122,2919,2919,0.0102775,11,1770,1,0.034842,1
./WORKING//matrices//cegb3024.pbin,1,10,10,3024,30,70156.8,3024,3024,0.00992063,10,218,1,0.00761455,1
./WORKING//matrices//cegb3306.pbin,1,10,10,3306,30,79344,3306,3306,0.00907441,10,366,1,0.00719781,1
./WORKING//matrices//cell1.pbin,1,10,10,7055,30,31042,881270,7055,0.531173,413.602,80,1,4.35011,0
./WORKING//matrices//cell2.pbin,1,10,10,7055,30,31042,881264,7055,0.531169,413.6,80,1,4.35006,0
./WORKING//matrices//circuit_1.pbin,1,10,10,2624,30,18105.6,25.7815,1574.4,0.000187219,1.19305,2593,1,4.25697e-12,1
./WORKING//matrices//circuit_2.pbin,1,10,10,4510,29,11726,2971.02,3732.41,0.00511843,3.57572,1179,1,0.000288151,0
./WORKING//matrices//circuit_3.pbin,1,10,10,12127,30,32742.9,6887.61,9701.6,0.00175628,6.78324,1063,1,5.02793e-05,0
./WORKING//matrices//ck104.pbin,1,10,10,104,30,1019.2,86.6812,104,0.240425,5.01482,55,1,0.00508445,1
./WORKING//matrices//coater1.pbin,1,10,10,1348,30,23455.2,449.333,449.333,0.0222552,60.1224,416,0,0.353483,0
./WORKING//matrices//commanche_dual.pbin,1,10,10,7920,30,31680,7920,7920,0.00378788,4,7485,1,0.000504859,1
./WORKING//matrices//comsol.pbin,1,10,10,1500,30,100050,318.262,1500,0.0042435,0.30158,1493,1,6.09424e-05,1
./WORKING//matrices//coupled.pbin,1,10,10,11341,30,69180.1,5724.95,7560.67,0.002003,2.20808,11290,0,0.000145967,1
./WORKING//matrices//crystm01.pbin,1,10,10,4875,30,95062.5,1.55092e-09,4875,1.95777e-15,1.74764e-12,237,1,2.64693e-28,1
./WORKING//matrices//crystm02.pbin,1,10,10,13965,30,364486,2.16906e-09,13965,3.33665e-16,5.36797e-13,459,1,1.8384e-29,1
./WORKING//matrices//curtis54.pbin,1,10,10,54,27,243,54,54,0.5,9,44,1,0.0773934,0
./WORKING//matrices//d_dyn1.pbin,1,10,10,87,29,174,0,0,-nan,10002,77,0,114967,0
./WORKING//matrices//d_dyn.pbin,1,10,10,87,29,174,0,0,-nan,6.58007,77,0,0.00139178,0
./WORKING//matrices//d_ss.pbin,1,10,10,53,29,153.7,295.763,7.31034,22.1374,2080.8,45,0,8351.66,0
./WORKING//matrices//dw1024.pbin,1,10,10,2048,30,10240,1161.91,2048,0.00831065,0.952924,32,1,0.000184745,1
./WORKING//matrices//dw256A.pbin,1,10,10,512,30,2406.4,198.279,512,0.0226913,1.37177,16,1,0.000822061,1
./WORKING//matrices//dw256B.pbin,1,10,10,512,30,2406.4,389.444,512,0.0445684,0.949489,272,1,0.00138954,1
./WORKING//matrices//dwt_1005.pbin,1,10,10,1005,30,10050,1005,1005,0.0298507,7,851,1,0.00984757,1
./WORKING//matrices//dwt_1007.pbin,1,10,10,1007,30,8358.1,1007,1007,0.0297915,3,986,1,0.00818051,1
./WORKING//matrices//dwt_1242.pbin,1,10,10,1242,30,11426.4,1242,1242,0.0241546,5,936,1,0.00735784,1
./WORKING//matrices//dwt_162.pbin,1,10,10,162,30,1312.2,162,162,0.185185,5,156,1,0.0477226,1
./WORKING//matrices//dwt_193.pbin,1,10,10,193,30,4149.5,193,193,0.15544,11,56,1,0.0986831,1
./WORKING//matrices//dwt_198.pbin,1,10,10,198,29,1386,198,198,0.146465,5,34,1,0.0341999,1
./WORKING//matrices//dwt_209.pbin,1,10,10,209,29,1901.9,209,209,0.138756,6,178,1,0.041728,1
./WORKING//matrices//dwt_221.pbin,1,10,10,221,29,1635.4,221,221,0.131222,7,171,1,0.0324805,1
./WORKING//matrices//dwt_234.pbin,1,10,10,234,30,819,234,234,0.128205,4,28,1,0.0147335,1
./WORKING//matrices//dwt_245.pbin,1,10,10,245,30,1347.5,245,245,0.122449,6,45,1,0.021994,1
./WORKING//matrices//dwt_2680.pbin,1,10,10,2680,30,27604,2680,2680,0.011194,8,2474,1,0.00382944,1
./WORKING//matrices//dwt_307.pbin,1,10,10,307,30,2548.1,307,307,0.0977199,8,63,1,0.0263758,1
./WORKING//matrices//dwt_310.pbin,1,10,10,310,30,2263,310,310,0.0967742,7,10,1,0.0230431,1
./WORKING//matrices//dwt_346.pbin,1,10,10,346,30,2837.2,346,346,0.0867052,9,318,1,0.0230778,1
./WORKING//matrices//dwt_361.pbin,1,10,10,361,30,2743.6,361,361,0.0831025,3,14,1,0.0206433,1
./WORKING//matrices//dwt_419.pbin,1,10,10,419,30,3645.3,419,419,0.071599,8,226,1,0.0203595,1
./WORKING//matrices//dwt_492.pbin,1,10,10,492,30,2853.6,492,492,0.0609756,8,246,1,0.0116611,1
./WORKING//matrices//dwt_503.pbin,1,10,10,503,30,5834.8,503,503,0.0596421,4,451,1,0.0224953,1
./WORKING//matrices//dwt_512.pbin,1,10,10,512,30,4659.2,512,512,0.0585938,3,31,1,0.017421,1
./WORKING//matrices//dwt_592.pbin,1,10,10,592,30,5209.6,592,592,0.0506757,4,259,1,0.0146608,1
./WORKING//matrices//dwt_59.pbin,1,10,10,59,28,271.4,59,59,0.474576,5,23,1,0.0728229,1
./WORKING//matrices//dwt_607.pbin,1,10,10,607,30,4613.2,607,607,0.0494234,3,147,1,0.0123716,1
./WORKING//matrices//dwt_66.pbin,1,10,10,66,29,330,66,66,0.439394,5,37,1,0.0710956,1
./WORKING//matrices//dwt_72.pbin,1,10,10,72,27,244.8,72,72,0.375,3,7,1,0.0455399,1
./WORKING//matrices//dwt_758.pbin,1,10,10,758,30,5836.6,758,758,0.0395778,9,56,1,0.0100639,1
./WORKING//matrices//dwt_869.pbin,1,10,10,869,30,7994.8,869,869,0.0345224,4,586,1,0.0104832,1
./WORKING//matrices//dwt_878.pbin,1,10,10,878,29,6936.2,878,878,0.0330296,5,22,1,0.00892292,1
./WORKING//matrices//dwt_87.pbin,1,10,10,87,30,495.9,87,87,0.344828,8,63,1,0.060973,1
./WORKING//matrices//dwt_918.pbin,1,10,10,918,30,7803,918,918,0.0326797,7,839,1,0.00918038,1
./WORKING//matrices//dwt_992.pbin,1,10,10,992,30,15475.2,992,992,0.0302419,4,513,1,0.0154853,1
./WORKING//matrices//eris1176.pbin,1,10,10,1176,30,20462.4,1176,1176,0.0255102,9,719,1,0.0140531,1
./WORKING//matrices//ex10hs.pbin,1,10,10,2548,30,67522,5.88549e+09,2548,27196,2.18993e+07,116,1,4.2632e+09,1
./WORKING//matrices//ex10.pbin,1,10,10,2410,30,71818,5.08922e+09,2410,26286.8,2.03824e+07,113,1,1.38067e+10,1
./WORKING//matrices//ex12.pbin,1,10,10,3973,30,85816.8,97623.7,2648.67,0.278311,144.101,106,0,0.159302,1
./WORKING//matrices//ex13.pbin,1,10,10,2568,30,90650.4,3.20298e+11,2568,1.45709e+06,2.43094e+09,156,1,2.36622e+13,1
./WORKING//matrices//ex14.pbin,1,10,10,3251,30,52991.3,5.08391e+09,2600.8,18038.3,1.2695e+07,235,0,1.96624e+08,1
./WORKING//matrices//ex15.pbin,1,10,10,6867,30,100258,6.53728e+11,6867,415895,6.85805e+08,67,1,8.73329e+12,1
./WORKING//matrices//ex18.pbin,1,10,10,5773,30,79667.4,2.61543e+10,5773,23543,4.33182e+07,147,1,1.12566e+09,0
./WORKING//matrices//ex1.pbin,1,10,10,216,29,3909.6,5.03849,201.103,0.00336376,0.104168,62,1,1.02015e-05,1
./WORKING//matrices//ex20.pbin,1,10,10,2203,30,84374.9,16.5934,1982.7,0.000113968,1.38539,117,1,4.48877e-08,0
./WORKING//matrices//ex21.pbin,1,10,10,656,29,18236.8,16.1251,542.897,0.00131305,0.149248,90,0,3.18131e-06,1
./WORKING//matrices//ex22.pbin,1,10,10,839,30,16444.4,697.651,699.167,0.0356793,2.40713,32,0,0.0020211,0
./WORKING//matrices//ex24.pbin,1,10,10,2283,30,39724.2,19102.6,1902.5,0.131942,34.7415,165,0,0.140204,1
./WORKING//matrices//ex25.pbin,1,10,10,848,30,21115.2,36.3342,593.6,0.00216544,0.493889,88,0,9.08705e-06,1
./WORKING//matrices//ex26.pbin,1,10,10,2163,30,79598.4,5946.95,1874.6,0.0439998,35.7107,205,0,0.0196133,0
./WORKING//matrices//ex27.pbin,1,10,10,974,29,41687.2,10.9282,772.483,0.000421211,0.127801,115,1,1.78152e-07,0
./WORKING//matrices//ex28.pbin,1,10,10,2603,30,74966.4,21642.2,2516.23,0.0991281,36.2298,110,0,0.0825823,1
./WORKING//matrices//ex29.pbin,1,10,10,2870,30,25830,1112.07,2870,0.00405031,1,42,1,1.42454e-07,1
./WORKING//matrices//ex2.pbin,1,10,10,441,30,24431.4,2.21154e+09,441,341145,9.27737e+07,106,1,5.37998e+12,1
./WORKING//matrices//ex31.pbin,1,10,10,3909,30,68016.6,1763.3,3778.7,0.00358129,1.85789,135,0,7.40376e-05,0
./WORKING//matrices//ex32.pbin,1,10,10,1159,30,12401.3,3386.7,1004.47,0.0872729,9.08889,52,1,0.0151022,1
./WORKING//matrices//ex33.pbin,1,10,10,1733,30,23568.8,4.14295e+11,1733,4.13841e+06,1.66333e+09,139,1,1.11544e+15,1
./WORKING//matrices//ex37.pbin,1,10,10,3565,30,80925.5,30811.5,3565,0.0727302,72.2978,495,1,0.248358,1
./WORKING//matrices//ex3.pbin,1,10,10,1821,30,56086.8,3.17018e+09,1821,28680.4,2.2716e+07,122,1,3.23825e+09,1
./WORKING//matrices//ex4.pbin,1,10,10,1601,30,30419,309.56,1227.43,0.00472582,1.03837,112,1,0.000114389,1
./WORKING//matrices//ex5.pbin,1,10,10,27,24,324,2.33334e+07,27,768178,6.51853e+06,20,5,7.89967e+10,1
./WORKING//matrices//ex6.pbin,1,10,10,1651,30,50685.7,43847.5,1485.9,0.536203,194.16,86,0,4.09429,1
./WORKING//matrices//ex8.pbin,1,10,10,3096,30,117648,2.34996e+09,3096,7354.94,8.29371e+06,125,1,8.94276e+09,0
./WORKING//matrices//ex9.pbin,1,10,10,3363,30,106271,6.84631e+11,3363,1.81603e+06,3.85152e+09,85,1,4.0792e+13,1
./WORKING//matrices//fd12.pbin,1,10,10,7500,30,28500,0,0,-nan,0,3537,0,1.23227e+07,1
./WORKING//matrices//fpga_dcop_01.pbin,1,10,10,1220,30,5490,258.789,813.333,0.00782416,0.727273,813,0,0.000174172,1
./WORKING//matrices//fpga_dcop_02.pbin,1,10,10,1220,30,5490,258.889,813.333,0.00782719,0.727273,813,0,0.0001743,1
./WORKING//matrices//fpga_dcop_03.pbin,1,10,10,1220,30,5490,416.216,813.333,0.0125838,4.22999,813,0,0.0028576,1
./WORKING//matrices//fpga_dcop_04.pbin,1,10,10,1220,30,5490,288.786,813.333,0.0087311,1.07074,813,0,0.000299538,1
./WORKING//matrices//fpga_dcop_05.pbin,1,10,10,1220,30,5368,416.507,813.333,0.0125926,4.22999,813,0,0.00285783,1
./WORKING//matrices//fpga_dcop_06.pbin,1,10,10,1220,30,5246,287.752,813.333,0.00869984,1.07074,813,0,0.000420678,1
./WORKING//matrices//fpga_dcop_07.pbin,1,10,10,1220,30,5490,8734.06,813.333,0.264064,208.335,813,0,7.11514,1
./WORKING//matrices//fpga_dcop_08.pbin,1,10,10,1220,30,5490,297.425,813.333,0.0089923,1.07563,813,0,0.000335672,1
./WORKING//matrices//fpga_dcop_09.pbin,1,10,10,1220,30,5490,259.032,813.333,0.00783154,0.727273,813,0,0.000174461,1
./WORKING//matrices//fpga_dcop_10.pbin,1,10,10,1220,30,5490,258.909,813.333,0.00782782,0.727273,813,0,0.000174261,1
./WORKING//matrices//fpga_dcop_11.pbin,1,10,10,1220,30,5490,258.919,813.333,0.00782811,0.727273,813,0,0.000174273,1
./WORKING//matrices//fpga_dcop_12.pbin,1,10,10,1220,30,5490,258.92,813.333,0.00782815,0.727273,813,0,0.000174268,1
./WORKING//matrices//fpga_dcop_13.pbin,1,10,10,1220,30,5490,258.921,813.333,0.00782816,0.727273,813,0,0.00017427,1
./WORKING//matrices//fpga_dcop_14.pbin,1,10,10,1220,30,5490,258.921,813.333,0.00782816,0.727273,813,0,0.00017427,1
./WORKING//matrices//fpga_dcop_15.pbin,1,10,10,1220,30,5490,258.921,813.333,0.00782816,0.727273,813,0,0.00017427,1
./WORKING//matrices//fpga_dcop_16.pbin,1,10,10,1220,30,5368,258.921,813.333,0.00782816,0.727273,813,0,0.00017427,1
./WORKING//matrices//fpga_dcop_17.pbin,1,10,10,1220,30,5490,258.921,813.333,0.00782816,0.727273,813,0,0.00017427,1
./WORKING//matrices//fpga_dcop_18.pbin,1,10,10,1220,30,5490,258.921,813.333,0.00782816,0.727273,813,0,0.00017427,1
./WORKING//matrices//fpga_dcop_19.pbin,1,10,10,1220,30,5490,258.921,813.333,0.00782816,0.727273,813,0,0.00017427,1
./WORKING//matrices//fpga_dcop_20.pbin,1,10,10,1220,30,5490,258.921,813.333,0.00782816,0.727273,813,0,0.00017427,1
./WORKING//matrices//fpga_dcop_21.pbin,1,10,10,1220,30,5490,258.921,813.333,0.00782816,0.727273,813,0,0.00017427,1
./WORKING//matrices//fpga_dcop_22.pbin,1,10,10,1220,30,5490,258.921,813.333,0.00782816,0.727273,813,0,0.00017427,1
./WORKING//matrices//fpga_dcop_23.pbin,1,10,10,1220,30,5490,258.921,813.333,0.00782816,0.727273,813,0,0.00017427,1
./WORKING//matrices//fpga_dcop_24.pbin,1,10,10,1220,30,5490,258.921,813.333,0.00782816,0.727273,813,0,0.00017427,1
./WORKING//matrices//fpga_dcop_25.pbin,1,10,10,1220,30,5490,258.921,813.333,0.00782816,0.727273,813,0,0.00017427,1
./WORKING//matrices//fpga_dcop_26.pbin,1,10,10,1220,30,5490,258.921,813.333,0.00782816,0.727273,813,0,0.00017427,1
./WORKING//matrices//fpga_dcop_27.pbin,1,10,10,1220,30,5490,258.921,813.333,0.00782816,0.727273,813,0,0.00017427,1
./WORKING//matrices//fpga_dcop_28.pbin,1,10,10,1220,30,5490,258.921,813.333,0.00782816,0.727273,813,0,0.00017427,1
./WORKING//matrices//fpga_dcop_29.pbin,1,10,10,1220,30,10736,332.727,732,0.0111773,1.81818,801,0,0.000734651,1
./WORKING//matrices//fpga_dcop_30.pbin,1,10,10,1220,30,10736,332.727,732,0.0111773,1.81818,801,0,0.000734651,1
./WORKING//matrices//fpga_dcop_31.pbin,1,10,10,1220,30,10736,332.727,732,0.0111773,1.81818,801,0,0.000734651,1
./WORKING//matrices//fpga_dcop_32.pbin,1,10,10,1220,30,10736,332.727,732,0.0111773,1.81818,801,0,0.000734651,1
./WORKING//matrices//fpga_dcop_33.pbin,1,10,10,1220,30,10736,332.727,732,0.0111773,1.81818,801,0,0.000734651,1
./WORKING//matrices//fpga_dcop_34.pbin,1,10,10,1220,30,10736,332.727,732,0.0111773,1.81818,801,0,0.000734651,1
./WORKING//matrices//fpga_dcop_35.pbin,1,10,10,1220,30,10736,332.727,732,0.0111773,1.81818,801,0,0.000734651,1
./WORKING//matrices//fpga_dcop_36.pbin,1,10,10,1220,30,10736,332.727,732,0.0111773,1.81818,801,0,0.000734651,1
./WORKING//matrices//fpga_dcop_37.pbin,1,10,10,1220,30,10736,332.727,732,0.0111773,1.81818,801,0,0.000734651,1
./WORKING//matrices//fpga_dcop_38.pbin,1,10,10,1220,30,10736,332.727,732,0.0111773,1.81818,801,0,0.000734651,1
./WORKING//matrices//fpga_dcop_39.pbin,1,10,10,1220,30,10736,332.727,732,0.0111773,1.81818,801,0,0.000734651,1
./WORKING//matrices//fpga_dcop_40.pbin,1,10,10,1220,30,10736,332.727,732,0.0111773,1.81818,801,0,0.000734651,1
./WORKING//matrices//fpga_dcop_41.pbin,1,10,10,1220,30,10736,332.727,732,0.0111773,1.81818,801,0,0.000734651,1
./WORKING//matrices//fpga_dcop_42.pbin,1,10,10,1220,30,10736,332.727,732,0.0111773,1.81818,801,0,0.000734651,1
./WORKING//matrices//fpga_dcop_43.pbin,1,10,10,1220,30,10736,332.727,732,0.0111773,1.81818,801,0,0.000734651,1
./WORKING//matrices//fpga_dcop_44.pbin,1,10,10,1220,30,10736,332.727,732,0.0111773,1.81818,801,0,0.000734651,1
./WORKING//matrices//fpga_dcop_45.pbin,1,10,10,1220,30,10736,332.727,732,0.0111773,1.81818,801,0,0.000734651,1
./WORKING//matrices//fpga_dcop_46.pbin,1,10,10,1220,30,10736,332.727,732,0.0111773,1.81818,801,0,0.000734651,1
./WORKING//matrices//fpga_dcop_47.pbin,1,10,10,1220,30,10736,332.727,732,0.0111773,1.81818,801,0,0.000734651,1
./WORKING//matrices//fpga_dcop_48.pbin,1,10,10,1220,30,10736,332.727,732,0.0111773,1.81818,801,0,0.000734651,1
./WORKING//matrices//fpga_dcop_49.pbin,1,10,10,1220,30,10736,332.727,732,0.0111773,1.81818,801,0,0.000734651,1
./WORKING//matrices//fpga_dcop_50.pbin,1,10,10,1220,30,10736,332.727,732,0.0111773,1.81818,801,0,0.000734651,1
./WORKING//matrices//fpga_dcop_51.pbin,1,10,10,1220,30,10736,332.727,732,0.0111773,1.81818,801,0,0.000734651,1
./WORKING//matrices//fpga_trans_01.pbin,1,10,10,1220,30,13908,337.191,772.667,0.0107311,1.84121,1085,0,0.000743656,1
./WORKING//matrices//fs_541_1.pbin,1,10,10,541,30,3570.6,552.85,541,0.0566675,32.3102,378,1,0.00214272,0
./WORKING//matrices//fs_541_4.pbin,1,10,10,541,30,3570.6,587314,541,60.2001,798717,378,1,139860,0
./WORKING//matrices//fs_760_1.pbin,1,10,10,760,30,6156,7.96502e+07,760,4136.96,113819,740,1,1.42629e+07,0
./WORKING//matrices//fs_760_2.pbin,1,10,10,760,30,6156,523466,760,27.1883,9705.24,740,1,9.66118e-05,0
./WORKING//matrices//fs_760_3.pbin,1,10,10,760,30,6384,523464,760,27.1882,9705.24,740,1,8.28083e-05,0
./WORKING//matrices//fv1.pbin,1,10,10,9604,30,86436,33711.5,9604,0.0109647,4.51015,99,1,0.00141322,1
./WORKING//matrices//fv2.pbin,1,10,10,9801,30,88209,34402,9801,0.010744,4.51005,100,1,0.00138474,1
./WORKING//matrices//fv3.pbin,1,10,10,9801,30,88209,29403,9801,0.00918274,4,100,1,0.00104592,1
./WORKING//matrices//G10.pbin,1,10,10,800,30,39360,0,0,-nan,3,792,0,0.0614925,1
./WORKING//matrices//G11.pbin,1,10,10,800,30,3200,0,0,-nan,4,792,0,0.00499875,1
./WORKING//matrices//G12.pbin,1,10,10,800,30,3200,0,0,-nan,3,784,0,0.00500063,1
./WORKING//matrices//G13.pbin,1,10,10,800,30,3200,0,0,-nan,2,768,0,0.00500313,1
./WORKING//matrices//G14.pbin,1,10,10,800,30,7680,0,0,-nan,11,793,0,0.011842,1
./WORKING//matrices//G15.pbin,1,10,10,800,30,6640,0,0,-nan,12,798,0,0.0102683,1
./WORKING//matrices//G16.pbin,1,10,10,800,30,7120,0,0,-nan,11,792,0,0.0109923,1
./WORKING//matrices//G17.pbin,1,10,10,800,30,8160,0,0,-nan,11,793,0,0.0125563,1
./WORKING//matrices//G18.pbin,1,10,10,800,30,7680,0,0,-nan,11,793,0,0.0119747,1
./WORKING//matrices//G19.pbin,1,10,10,800,30,6640,0,0,-nan,12,798,0,0.0103734,1
./WORKING//matrices//G1.pbin,1,10,10,800,30,41680,0,0,-nan,5,798,0,0.0608957,1
./WORKING//matrices//G20.pbin,1,10,10,800,30,12400,0,0,-nan,11,792,0,0.0193872,1
./WORKING//matrices//G21.pbin,1,10,10,800,30,10560,0,0,-nan,13,793,0,0.0164962,1
./WORKING//matrices//G22.pbin,1,10,10,2000,30,43200,0,0,-nan,1,1986,0,0.0106857,1
./WORKING//matrices//G23.pbin,1,10,10,2000,30,40600,0,0,-nan,3,1984,0,0.0100504,1
./WORKING//matrices//G24.pbin,1,10,10,2000,30,39600,0,0,-nan,1,1961,0,0.0098,1
./WORKING//matrices//G25.pbin,1,10,10,2000,30,34800,0,0,-nan,1,1976,0,0.00862596,1
./WORKING//matrices//G26.pbin,1,10,10,2000,30,37400,0,0,-nan,2,1991,0,0.00926286,1
./WORKING//matrices//G27.pbin,1,10,10,2000,30,43200,0,0,-nan,1,1986,0,0.010804,1
./WORKING//matrices//G28.pbin,1,10,10,2000,30,39000,0,0,-nan,2,1985,0,0.0097517,1
./WORKING//matrices//G29.pbin,1,10,10,2000,30,39600,0,0,-nan,1,1961,0,0.00989865,1
./WORKING//matrices//G2.pbin,1,10,10,800,30,38640,0,0,-nan,5,798,0,0.0566785,1
./WORKING//matrices//G30.pbin,1,10,10,2000,30,34800,0,0,-nan,1,1976,0,0.0086963,1
./WORKING//matrices//G31.pbin,1,10,10,2000,30,37400,0,0,-nan,2,1991,0,0.0093515,1
./WORKING//matrices//G32.pbin,1,10,10,2000,30,8000,0,0,-nan,2,1980,0,0.0019994,1
./WORKING//matrices//G33.pbin,1,10,10,2000,30,8000,0,0,-nan,2,1975,0,0.0020004,1
./WORKING//matrices//G34.pbin,1,10,10,2000,30,8000,0,0,-nan,2,1960,0,0.0020001,1
./WORKING//matrices//G35.pbin,1,10,10,2000,30,16600,0,0,-nan,11,1996,0,0.00413374,1
./WORKING//matrices//G36.pbin,1,10,10,2000,30,15600,0,0,-nan,10,1997,0,0.00388579,1
./WORKING//matrices//G37.pbin,1,10,10,2000,30,17800,0,0,-nan,9,1991,0,0.00443094,1
./WORKING//matrices//G38.pbin,1,10,10,2000,30,14400,0,0,-nan,11,1997,0,0.00358834,1
./WORKING//matrices//G39.pbin,1,10,10,2000,30,16600,0,0,-nan,11,1996,0,0.00415015,1
./WORKING//matrices//G3.pbin,1,10,10,800,30,37200,0,0,-nan,4,793,0,0.0547736,1
./WORKING//matrices//G40.pbin,1,10,10,2000,30,15600,0,0,-nan,10,1997,0,0.0039004,1
./WORKING//matrices//G41.pbin,1,10,10,2000,30,17800,0,0,-nan,9,1991,0,0.00445025,1
./WORKING//matrices//G42.pbin,1,10,10,2000,30,14400,0,0,-nan,11,1997,0,0.00360095,1
./WORKING//matrices//G43.pbin,1,10,10,1000,29,20700,0,0,-nan,3,991,0,0.0202762,1
./WORKING//matrices//G44.pbin,1,10,10,1000,29,19600,0,0,-nan,2,986,0,0.0192218,1
./WORKING//matrices//G45.pbin,1,10,10,1000,29,19200,0,0,-nan,3,997,0,0.0188388,1
./WORKING//matrices//G46.pbin,1,10,10,1000,29,19500,0,0,-nan,2,986,0,0.0191182,1
./WORKING//matrices//G47.pbin,1,10,10,1000,29,21700,0,0,-nan,1,992,0,0.0212235,1
./WORKING//matrices//G48.pbin,1,10,10,3000,30,12000,0,0,-nan,2,2940,0,0.001332,1
./WORKING//matrices//G49.pbin,1,10,10,3000,30,12000,0,0,-nan,2,2900,0,0.001332,1
./WORKING//matrices//G4.pbin,1,10,10,800,30,40000,0,0,-nan,4,796,0,0.058617,1
./WORKING//matrices//G50.pbin,1,10,10,3000,30,12000,0,0,-nan,2,2880,0,0.001332,1
./WORKING//matrices//G51.pbin,1,10,10,1000,29,7800,0,0,-nan,13,998,0,0.00774334,1
./WORKING//matrices//G52.pbin,1,10,10,1000,29,8200,0,0,-nan,10,991,0,0.00813514,1
./WORKING//matrices//G53.pbin,1,10,10,1000,29,7500,0,0,-nan,10,996,0,0.00744735,1
./WORKING//matrices//G54.pbin,1,10,10,1000,29,7300,0,0,-nan,10,992,0,0.00725275,1
./WORKING//matrices//G55.pbin,1,10,10,5000,29,22500,0,0,-nan,1,4990,0,0.000899272,1
./WORKING//matrices//G56.pbin,1,10,10,5000,29,22500,0,0,-nan,1,4990,0,0.00089988,1
./WORKING//matrices//G57.pbin,1,10,10,5000,29,20000,0,0,-nan,2,4950,0,0.000800048,1
./WORKING//matrices//G58.pbin,1,10,10,5000,29,58500,0,0,-nan,15,4995,0,0.00233325,1
./WORKING//matrices//G59.pbin,1,10,10,5000,29,58500,0,0,-nan,15,4995,0,0.00234006,1
./WORKING//matrices//G5.pbin,1,10,10,800,30,40000,0,0,-nan,5,792,0,0.058613,1
./WORKING//matrices//G60.pbin,1,10,10,7000,30,33600,0,0,-nan,0,6910,0,0.000685302,1
./WORKING//matrices//G61.pbin,1,10,10,7000,30,33600,0,0,-nan,0,6910,0,0.000685735,1
./WORKING//matrices//G62.pbin,1,10,10,7000,30,28000,0,0,-nan,2,6930,0,0.000571355,1
./WORKING//matrices//G63.pbin,1,10,10,7000,30,77700,0,0,-nan,10,6993,0,0.00158264,1
./WORKING//matrices//G64.pbin,1,10,10,7000,30,77700,0,0,-nan,10,6993,0,0.00158556,1
./WORKING//matrices//G65.pbin,1,10,10,8000,30,32000,0,0,-nan,2,7920,0,0.000500013,1
./WORKING//matrices//G66.pbin,1,10,10,9000,30,36000,0,0,-nan,2,8900,0,0.00044442,1
./WORKING//matrices//G67.pbin,1,10,10,10000,30,40000,0,0,-nan,2,9900,0,0.000400004,1
./WORKING//matrices//G6.pbin,1,10,10,800,30,38800,0,0,-nan,4,798,0,0.060625,1
./WORKING//matrices//g7jac010.pbin,1,10,10,2880,30,18432,2222.7,2880,0.00803927,138273,2867,1,2.90927e+07,0
./WORKING//matrices//g7jac010sc.pbin,1,10,10,2880,30,18432,4415.18,2880,0.0159693,5005.14,2867,1,10.3646,0
./WORKING//matrices//g7jac020.pbin,1,10,10,5850,30,33930,5.02356e+06,5850,4.40374,179481,5837,1,5.28003e+06,0
./WORKING//matrices//g7jac020sc.pbin,1,10,10,5850,30,33930,14737.8,5850,0.0129194,5010.3,5837,1,0.0805934,0
./WORKING//matrices//g7jac040.pbin,1,10,10,11790,30,61308,1.11659e+07,11790,2.40983,90278.1,9759,1,4.26027e+07,0
./WORKING//matrices//g7jac040sc.pbin,1,10,10,11790,30,61308,31169,11790,0.00672693,20045.1,9759,1,0.0397899,0
./WORKING//matrices//G7.pbin,1,10,10,800,30,39120,0,0,-nan,6,798,0,0.0611197,1
./WORKING//matrices//G8.pbin,1,10,10,800,30,38640,0,0,-nan,4,793,0,0.060364,1
./WORKING//matrices//G9.pbin,1,10,10,800,30,37680,0,0,-nan,6,796,0,0.0588725,1
./WORKING//matrices//gemat11.pbin,1,10,10,4929,30,40417.8,1160.47,492.9,0.0143297,11.7185,4749,0,0.00603539,0
./WORKING//matrices//gemat12.pbin,1,10,10,4929,30,30066.9,1160.47,492.9,0.0143297,11.7185,4749,0,0.00382463,0
./WORKING//matrices//gent113.pbin,1,10,10,113,29,542.4,105.207,105.207,0.256637,4,101,1,0.0400442,0
./WORKING//matrices//gr_30_30.pbin,1,10,10,900,30,7830,7200,900,0.266667,10,31,1,0.0797542,1
./WORKING//matrices//gre_1107.pbin,1,10,10,1107,30,6088.5,328.727,1107,0.00804752,1.00001,161,1,0.000244065,0
./WORKING//matrices//gre_115.pbin,1,10,10,115,29,425.5,57.3426,115,0.125742,1.12698,37,1,0.00386192,0
./WORKING//matrices//gre_185.pbin,1,10,10,185,29,906.5,84.0064,146.724,0.0897505,1.48055,31,0,0.00229571,0
./WORKING//matrices//gre_216a.pbin,1,10,10,216,30,799.2,82.8,194.4,0.0591564,1,13,0,0.00131568,0
./WORKING//matrices//gre_216b.pbin,1,10,10,216,30,799.2,37.8186,194.4,0.0270195,1.96122,13,0,0.00437313,0
./WORKING//matrices//gre_343.pbin,1,10,10,343,30,1303.4,131.483,320.133,0.0359225,1,17,0,0.000795569,0
./WORKING//matrices//gre_512.pbin,1,10,10,512,30,1843.2,200.533,460.8,0.0254991,1,23,0,0.000583262,0
./WORKING//matrices//Hamrle1.pbin,1,10,10,32,23,83.2,2.85764,4.17391,0.492087,315.748,24,1,0.0627474,0
./WORKING//matrices//Harvard500.pbin,1,10,10,500,30,1100,16.6667,16.6667,0.06,15,268,0,0.00434148,0
./WORKING//matrices//hor_131.pbin,1,10,10,434,30,3862.6,25.1417,434,0.00400439,0.730043,240,1,5.60165e-05,0
./WORKING//matrices//hydr1.pbin,1,10,10,5308,30,10616,0,0,-nan,8080,4345,0,2.93271,0
./WORKING//matrices//ibm32.pbin,1,10,10,32,23,121.6,32,32,0.71875,6,26,1,0.10625,0
./WORKING//matrices//impcol_a.pbin,1,10,10,207,30,538.2,24.7646,27.6,0.130039,681,62,0,89.267,0
./WORKING//matrices//impcol_b.pbin,1,10,10,59,28,306.8,21.1954,23.1786,0.433971,2,43,0,0.0787699,0
./WORKING//matrices//impcol_c.pbin,1,10,10,137,29,411,484.224,61.4138,1.66901,11,24,0,0.447698,0
./WORKING//matrices//impcol_d.pbin,1,10,10,425,30,1827.5,35.4167,42.5,0.0588235,10.5,406,0,0.0548668,0
./WORKING//matrices//init_adder1.pbin,1,10,10,1813,30,8158.5,2.27971,1752.57,2.15243e-05,1.03581,1408,1,1.06114e-11,0
./WORKING//matrices//jagmesh1.pbin,1,10,10,936,30,6177.6,936,936,0.0320513,7,223,1,0.00700832,1
./WORKING//matrices//jagmesh2.pbin,1,10,10,1009,30,6861.2,1009,1009,0.0297324,7,974,1,0.00670021,1
./WORKING//matrices//jagmesh3.pbin,1,10,10,1089,30,7405.2,1089,1089,0.0275482,7,175,1,0.00621067,1
./WORKING//matrices//jagmesh4.pbin,1,10,10,1440,30,9792,1440,1440,0.0208333,7,1395,1,0.00470302,1
./WORKING//matrices//jagmesh5.pbin,1,10,10,1180,30,7788,1180,1180,0.0254237,7,757,1,0.00556619,1
./WORKING//matrices//jagmesh6.pbin,1,10,10,1377,30,9363.6,1377,1377,0.0217865,7,73,1,0.00491727,1
./WORKING//matrices//jagmesh7.pbin,1,10,10,1138,30,7738.4,1138,1138,0.026362,7,891,1,0.00594464,1
./WORKING//matrices//jagmesh8.pbin,1,10,10,1141,30,7758.8,1141,1141,0.0262927,7,224,1,0.00592909,1
./WORKING//matrices//jagmesh9.pbin,1,10,10,1349,30,9443,1349,1349,0.0222387,7,1024,1,0.00516593,1
./WORKING//matrices//jan99jac020.pbin,1,10,10,6774,30,25063.8,6741.2,6774,0.00440726,2.24543,647,1,0.000273247,0
./WORKING//matrices//jan99jac020sc.pbin,1,10,10,6774,30,25063.8,10862.1,6774,0.00710138,8,647,1,0.00122647,0
./WORKING//matrices//jan99jac040.pbin,1,10,10,13694,30,31496.2,13585.4,13694,0.00217337,2.24543,647,1,8.2646e-05,0
./WORKING//matrices//jan99jac040sc.pbin,1,10,10,13694,30,31496.2,19496.5,13694,0.00311901,16.125,647,1,0.000781842,0
./WORKING//matrices//jan99jac060.pbin,1,10,10,20614,30,121623,19088.7,20614,0.00134764,2.24543,647,1,0.0118247,0
./WORKING//matrices//jan99jac060sc.pbin,1,10,10,20614,30,121623,37075,20614,0.00261745,16,647,1,0.00171778,0
./WORKING//matrices//jgl009.pbin,1,10,10,9,9,51.75,8,8,1,9,8,3,0.256944,0
./WORKING//matrices//jgl011.pbin,1,10,10,11,11,66,10,10,1,11,10,4,0.224242,0
./WORKING//matrices//jpwh_991.pbin,1,10,10,991,30,5846.9,2345.37,991,0.0716448,9,163,1,0.0373727,1
./WORKING//matrices//lap_25.pbin,1,10,10,25,24,190,25,25,0.96,8,6,4,0.215,1
./WORKING//matrices//lhr01.pbin,1,10,10,1477,30,20825.7,492.333,492.333,0.0203114,1,1120,0,0.00207745,0
./WORKING//matrices//lhr04c.pbin,1,10,10,4101,30,115648,1368.37,1367,0.0073226,1.001,1270,0,0.000678447,0
./WORKING//matrices//lhr04.pbin,1,10,10,4101,30,115648,1367,1367,0.00731529,1,1270,0,0.000678069,0
./WORKING//matrices//lns_131.pbin,1,10,10,131,30,589.5,48.0642,74.2333,0.148276,1.13114e+08,111,0,5.34245e+10,0
./WORKING//matrices//lns_3937.pbin,1,10,10,3937,30,27952.7,2.40758e+06,2624.67,6.98978,18070.2,3202,0,2.92173e+16,1
./WORKING//matrices//lns_511.pbin,1,10,10,511,30,2452.8,266.046,340.667,0.0458487,4.51957e+07,421,0,1.41473e+17,0
./WORKING//matrices//lnsp_131.pbin,1,10,10,131,30,524,87.3729,126.633,0.158008,5.85637e+06,32,1,2.83368e+16,0
./WORKING//matrices//lnsp3937.pbin,1,10,10,3937,30,25984.2,4.42987e+07,3412.07,98.9303,370793,87,0,2.38062e+14,0
./WORKING//matrices//lnsp_511.pbin,1,10,10,511,30,3066,256.215,425.833,0.0353237,303042,57,0,2.95953e+13,0
./WORKING//matrices//lock1074.pbin,1,10,10,1074,30,52840.8,644.4,644.4,0.027933,6,593,0,0.0434286,1
./WORKING//matrices//lock2232.pbin,1,10,10,2232,29,76334.4,1462.34,1462.34,0.0129928,6,121,0,0.015054,1
./WORKING//matrices//lock3491.pbin,1,10,10,3491,30,176296,3491,3491,0.00859353,11,346,1,0.014257,1
./WORKING//matrices//lock_700.pbin,1,10,10,700,30,24080,700,700,0.0428571,7,681,1,0.0465404,1
./WORKING//matrices//lop163.pbin,1,10,10,163,30,961.7,87.011,163,0.0982472,1,36,1,0.00320283,0
./WORKING//matrices//lshp1009.pbin,1,10,10,1009,30,6861.2,1009,1009,0.0297324,7,974,1,0.00670021,1
./WORKING//matrices//lshp1270.pbin,1,10,10,1270,30,8636,1270,1270,0.023622,7,1226,1,0.00532964,1
./WORKING//matrices//lshp1561.pbin,1,10,10,1561,30,10927,1561,1561,0.0192184,7,1539,1,0.00446706,1
./WORKING//matrices//lshp1882.pbin,1,10,10,1882,30,13174,1882,1882,0.0159405,7,1817,1,0.00370758,1
./WORKING//matrices//lshp2233.pbin,1,10,10,2233,30,15184.4,2233,2233,0.0134348,7,2155,1,0.00303725,1
./WORKING//matrices//lshp2614.pbin,1,10,10,2614,30,18298,2614,2614,0.0114767,7,2521,1,0.00267174,1
./WORKING//matrices//lshp_265.pbin,1,10,10,265,28,1749,265,265,0.10566,6,256,1,0.0243682,1
./WORKING//matrices//lshp3025.pbin,1,10,10,3025,30,20570,3025,3025,0.00991736,7,2915,1,0.00224358,1
./WORKING//matrices//lshp3466.pbin,1,10,10,3466,30,24262,3466,3466,0.00865551,7,3337,1,0.00201612,1
./WORKING//matrices//lshp_406.pbin,1,10,10,406,30,2476.6,406,406,0.0738916,7,392,1,0.01483,1
./WORKING//matrices//lshp_577.pbin,1,10,10,577,30,3923.6,577,577,0.0519931,7,557,1,0.0116653,1
./WORKING//matrices//lshp_778.pbin,1,10,10,778,30,5446,778,778,0.0385604,7,751,1,0.00892795,1
./WORKING//matrices//lund_a.pbin,1,10,10,147,29,2646,8.60901e+09,147,1.15536e+07,1.94231e+08,23,1,6.6748e+13,1
./WORKING//matrices//lund_b.pbin,1,10,10,147,29,2660.7,145387,147,195.114,3775.51,23,1,28993.1,1
./WORKING//matrices//lung1.pbin,1,10,10,1650,30,8415,30719.5,1650,0.338506,595.595,124,1,9.70941,0
./WORKING//matrices//m3plates.pbin,1,10,10,11107,30,7774.9,352.078,7034.43,0.000135187,0.104661,0,0,2.99741e-07,1
./WORKING//matrices//mahindas.pbin,1,10,10,1258,30,5409.4,497.75,503.2,0.0235891,1.07483,1241,0,0.00729725,0
./WORKING//matrices//man_5976.pbin,1,10,10,5976,30,210355,5776.8,5776.8,0.00502008,10,431,0,0.00584948,1
./WORKING//matrices//mark3jac020.pbin,1,10,10,9129,30,30125.7,7996.85,8824.7,0.00297795,4788.21,1349,0,27360.9,0
./WORKING//matrices//mark3jac020sc.pbin,1,10,10,9129,30,30125.7,1.99799e+07,8824.7,7.4403,65536,1349,0,0.00173841,0
./WORKING//matrices//mark3jac040.pbin,1,10,10,18289,30,53038.1,15518.7,17679.4,0.00143986,7398.76,1349,0,33.4139,0
./WORKING//matrices//mark3jac040sc.pbin,1,10,10,18289,30,53038.1,4.00199e+07,17679.4,3.71313,65536,1349,0,0.000221048,0
./WORKING//matrices//mbeacxc.pbin,1,10,10,496,30,48161.6,15.7313,314.133,0.00302894,0.92177,490,0,5.30676e-05,0
./WORKING//matrices//mbeaflw.pbin,1,10,10,496,30,48161.6,225639,314.133,43.4449,11391.1,490,0,1141.69,0
./WORKING//matrices//mbeause.pbin,1,10,10,496,30,39332.8,227249,314.133,43.755,11626.9,490,0,1111.19,0
./WORKING//matrices//mcca.pbin,1,10,10,180,29,2250,2.0313e+20,180,1.81813e+17,3.09988e+19,33,1,1.09501e+31,0
./WORKING//matrices//meg1.pbin,1,10,10,2904,30,55176,0,0,-nan,0,2827,0,35.0832,1
./WORKING//matrices//meg4.pbin,1,10,10,5860,29,15822,3.1918e+07,3839.31,41.1418,20777.4,386,0,9510.3,1
./WORKING//matrices//memplus.pbin,1,10,10,17758,30,60377.2,1355.01,17758,0.000128907,0.353202,17751,1,2.02765e-08,1
./WORKING//matrices//mesh1e1.pbin,1,10,10,48,26,321.6,208.342,48,2.35108,10.9369,47,2,0.521577,1
./WORKING//matrices//mesh1em1.pbin,1,10,10,48,26,321.6,437.334,48,4.93519,32.16,47,2,4.54504,1
./WORKING//matrices//mesh1em6.pbin,1,10,10,48,26,321.6,150.35,48,1.69666,8.04268,47,2,0.259163,1
./WORKING//matrices//mesh2e1.pbin,1,10,10,306,30,2019.6,7205.71,306,2.30863,92.7434,241,1,4.23351,1
./WORKING//matrices//mesh2em5.pbin,1,10,10,306,30,2019.6,2957.58,306,0.947577,48.8721,241,1,0.245593,1
./WORKING//matrices//mesh3e1.pbin,1,10,10,289,30,1358.3,1194.53,289,0.429066,8,281,1,0.0849445,1
./WORKING//matrices//mesh3em5.pbin,1,10,10,289,30,1358.3,741.767,289,0.266436,4,281,1,0.0327302,1
./WORKING//matrices//mhda416.pbin,1,10,10,416,29,7488,71.8138,186.483,0.0268456,5.99999,29,0,0.00142265,0
./WORKING//matrices//mhdb416.pbin,1,10,10,416,29,2912,147.832,416,0.0247731,1.66667,18,1,2.16393e-06,1
./WORKING//matrices//msc00726.pbin,1,10,10,726,30,32597.4,1.72563e+11,726,9.82192e+06,1.62255e+09,187,1,8.24267e+14,1
./WORKING//matrices//msc01050.pbin,1,10,10,1050,30,27930,8.18346e+08,1050,22267.9,1.20011e+07,542,1,1.58695e+08,1
./WORKING//matrices//msc01440.pbin,1,10,10,1440,30,46224,2.40424e+08,1440,3478.35,563667,1354,1,6.67389e+07,1
./WORKING//matrices//msc04515.pbin,1,10,10,4515,30,89848.5,1.99536e+12,4515,2.93649e+06,2.83526e+09,161,1,1.55837e+14,1
./WORKING//matrices//mult_dcop_01.pbin,1,10,10,25187,30,118379,1.0528,16791.3,7.46805e-08,0.000125847,24628,0,2.507e-13,1
./WORKING//matrices//nasa1824.pbin,1,10,10,1824,30,39945.6,6.43584e+08,1824,5803.33,1.78037e+06,196,1,8.27838e+08,1
./WORKING//matrices//nasa2146.pbin,1,10,10,2146,30,69101.2,1.2939e+10,2146,84287.7,1.97431e+07,81,1,4.89948e+10,1
./WORKING//matrices//nasa2910.pbin,1,10,10,2910,30,194388,3.10264e+09,2910,10991.8,4.16931e+06,761,1,1.95138e+09,1
./WORKING//matrices//nasa4704.pbin,1,10,10,4704,30,112896,1.01099e+09,4704,1370.67,2.14492e+06,409,1,2.34235e+07,1
./WORKING//matrices//nnc1374.pbin,1,10,10,1374,30,9892.8,0.000595509,961.8,1.35188e-08,432.538,94,0,80.894,0
./WORKING//matrices//nnc261.pbin,1,10,10,261,29,1252.8,0.0310689,171,2.01877e-05,432.538,64,0,62.7126,0
./WORKING//matrices//nnc666.pbin,1,10,10,666,30,3396.6,0.0044844,466.2,4.3329e-07,432.538,101,0,35.5362,0
./WORKING//matrices//nopoly.pbin,1,10,10,10774,30,70031,109177,10774,0.0282161,18,9755,1,0.0134967,1
./WORKING//matrices//nos1.pbin,1,10,10,237,29,1042.8,1.00906e+11,237,5.20979e+07,2.5344e+09,4,1,3.84766e+15,1
./WORKING//matrices//nos2.pbin,1,10,10,957,30,4402.2,2.76042e+13,957,9.04218e+08,1.58515e+11,4,1,4.85269e+18,1
./WORKING//matrices//nos3.pbin,1,10,10,960,30,16416,157600,960,5.13022,480.175,43,1,57.0027,1
./WORKING//matrices//nos4.pbin,1,10,10,100,29,660,31.3662,100,0.0909619,0.543108,13,1,0.00205147,1
./WORKING//matrices//nos5.pbin,1,10,10,468,30,5194.8,9.3346e+07,468,12785.7,520860,150,1,1.82201e+08,1
./WORKING//matrices//nos6.pbin,1,10,10,675,30,3172.5,2.25032e+07,675,1481.69,1.00003e+06,30,1,2.96745e+08,1
./WORKING//matrices//nos7.pbin,1,10,10,729,30,4811.4,77791.1,729,4.39133,600,81,1,258.252,1
./WORKING//matrices//odepa400.pbin,1,10,10,400,30,1200,773.733,400,0.145075,5.08,399,1,0.0150376,0
./WORKING//matrices//odepb400.pbin,1,10,10,400,30,400,7.82133e-12,386.667,1.51707e-15,2.66e-14,0,0,1.16035e-30,1
./WORKING//matrices//olm1000.pbin,1,10,10,1000,30,4000,2.54107e+06,1000,76.2322,101722,2,1,1.59263e+06,0
./WORKING//matrices//olm100.pbin,1,10,10,100,29,400,2507.27,100,7.27109,1049.45,2,1,1723.37,0
./WORKING//matrices//olm500.pbin,1,10,10,500,30,2000,318117,500,38.174,25528.6,2,1,200865,0
./WORKING//matrices//orani678.pbin,1,10,10,2529,30,18208.8,843,843,0.0118624,1,2301,0,0.000679635,1
./WORKING//matrices//orsirr_1.pbin,1,10,10,1030,30,5768,3.85794e+07,1030,1090.94,133473,514,1,2.66049e+06,1
./WORKING//matrices//orsirr_2.pbin,1,10,10,886,30,5936.2,1.00406e+07,886,383.719,50151.2,514,1,1.0667e+06,1
./WORKING//matrices//orsreg_1.pbin,1,10,10,2205,30,14553,3.42488e+07,2205,211.324,17001.7,441,1,150692,1
./WORKING//matrices//oscil_dcop_01.pbin,1,10,10,430,30,1247,7.22634e+06,329.667,1529.31,100000,165,0,4.66695e+06,1
./WORKING//matrices//oscil_dcop_02.pbin,1,10,10,430,30,1247,7.2263e+06,329.667,1529.3,100000,165,0,4.67543e+06,1
./WORKING//matrices//oscil_dcop_03.pbin,1,10,10,430,30,1247,7.22627e+06,329.667,1529.3,100000,165,0,4.66858e+06,1
./WORKING//matrices//oscil_dcop_04.pbin,1,10,10,430,30,1247,7.22632e+06,329.667,1529.31,100000,165,0,4.68107e+06,0
./WORKING//matrices//oscil_dcop_05.pbin,1,10,10,430,30,1247,7.22645e+06,329.667,1529.34,100000,165,0,4.67899e+06,0
./WORKING//matrices//oscil_dcop_06.pbin,1,10,10,430,30,1247,7.22632e+06,329.667,1529.31,100000,165,0,4.66652e+06,0
./WORKING//matrices//oscil_dcop_07.pbin,1,10,10,430,30,1247,7.22628e+06,329.667,1529.3,100000,165,0,4.66654e+06,0
./WORKING//matrices//oscil_dcop_08.pbin,1,10,10,430,30,1247,7.22627e+06,329.667,1529.3,100000,165,0,4.66662e+06,0
./WORKING//matrices//oscil_dcop_09.pbin,1,10,10,430,30,1247,7.22627e+06,329.667,1529.3,100000,165,0,4.66679e+06,1
./WORKING//matrices//oscil_dcop_10.pbin,1,10,10,430,30,1247,7.22627e+06,329.667,1529.3,100000,165,0,4.66692e+06,1
./WORKING//matrices//oscil_dcop_11.pbin,1,10,10,430,30,1247,7.22627e+06,329.667,1529.3,100000,165,0,4.66694e+06,0
./WORKING//matrices//oscil_dcop_12.pbin,1,10,10,430,30,1247,7.22627e+06,329.667,1529.3,100000,165,0,4.66694e+06,1
./WORKING//matrices//oscil_dcop_13.pbin,1,10,10,430,30,1247,7.22627e+06,329.667,1529.3,100000,165,0,4.66693e+06,1
./WORKING//matrices//oscil_dcop_14.pbin,1,10,10,430,30,1247,7.22627e+06,329.667,1529.3,100000,165,0,4.66689e+06,1
./WORKING//matrices//oscil_dcop_15.pbin,1,10,10,430,30,1247,7.22627e+06,329.667,1529.3,100000,165,0,4.66689e+06,1
./WORKING//matrices//oscil_dcop_16.pbin,1,10,10,430,30,1247,7.22627e+06,329.667,1529.3,100000,165,0,4.66678e+06,1
./WORKING//matrices//oscil_dcop_17.pbin,1,10,10,430,30,1247,7.22627e+06,329.667,1529.3,100000,165,0,4.66694e+06,1
./WORKING//matrices//oscil_dcop_18.pbin,1,10,10,430,30,1247,7.22627e+06,329.667,1529.3,100000,165,0,4.66676e+06,1
./WORKING//matrices//oscil_dcop_19.pbin,1,10,10,430,30,1247,7.22627e+06,329.667,1529.3,100000,165,0,4.66693e+06,1
./WORKING//matrices//oscil_dcop_20.pbin,1,10,10,430,30,1247,7.22627e+06,329.667,1529.3,100000,165,0,4.66694e+06,1
./WORKING//matrices//oscil_dcop_21.pbin,1,10,10,430,30,1247,7.22627e+06,329.667,1529.3,100000,165,0,4.66695e+06,1
./WORKING//matrices//oscil_dcop_22.pbin,1,10,10,430,30,1548,5.86466e+06,344,1189.42,100000,170,1,7459.23,1
./WORKING//matrices//oscil_dcop_23.pbin,1,10,10,430,30,1548,5.86466e+06,344,1189.42,100000,170,1,7459.23,1
./WORKING//matrices//oscil_dcop_24.pbin,1,10,10,430,30,1548,5.86466e+06,344,1189.42,100000,170,1,7459.23,1
./WORKING//matrices//oscil_dcop_25.pbin,1,10,10,430,30,1548,5.86466e+06,344,1189.42,100000,170,1,7459.23,1
./WORKING//matrices//oscil_dcop_26.pbin,1,10,10,430,30,1548,5.86466e+06,344,1189.42,100000,170,1,7459.23,1
./WORKING//matrices//oscil_dcop_27.pbin,1,10,10,430,30,1548,5.86466e+06,344,1189.42,100000,170,1,7459.23,1
./WORKING//matrices//oscil_dcop_28.pbin,1,10,10,430,30,1548,5.86466e+06,344,1189.42,100000,170,1,7459.23,1
./WORKING//matrices//oscil_dcop_29.pbin,1,10,10,430,30,1548,5.86466e+06,344,1189.42,100000,170,1,7459.23,1
./WORKING//matrices//oscil_dcop_30.pbin,1,10,10,430,30,1548,5.86466e+06,344,1189.42,100000,170,1,7459.23,1
./WORKING//matrices//oscil_dcop_31.pbin,1,10,10,430,30,1548,5.86466e+06,344,1189.42,100000,170,1,7459.23,1
./WORKING//matrices//oscil_dcop_32.pbin,1,10,10,430,30,1548,5.86466e+06,344,1189.42,100000,170,1,7459.23,1
./WORKING//matrices//oscil_dcop_33.pbin,1,10,10,430,30,1548,5.86466e+06,344,1189.42,100000,170,1,7459.23,1
./WORKING//matrices//oscil_dcop_34.pbin,1,10,10,430,30,1548,5.86466e+06,344,1189.42,100000,170,1,7459.23,1
./WORKING//matrices//oscil_dcop_35.pbin,1,10,10,430,30,1548,5.86466e+06,344,1189.42,100000,170,1,7459.23,1
./WORKING//matrices//oscil_dcop_36.pbin,1,10,10,430,30,1548,5.86466e+06,344,1189.42,100000,170,1,7459.23,1
./WORKING//matrices//oscil_dcop_37.pbin,1,10,10,430,30,1548,5.86466e+06,344,1189.42,100000,170,1,7459.23,1
./WORKING//matrices//oscil_dcop_38.pbin,1,10,10,430,30,1548,5.86466e+06,344,1189.42,100000,170,1,7459.23,1
./WORKING//matrices//oscil_dcop_39.pbin,1,10,10,430,30,1548,5.86466e+06,344,1189.42,100000,170,1,7459.23,1
./WORKING//matrices//oscil_dcop_40.pbin,1,10,10,430,30,1548,5.86466e+06,344,1189.42,100000,170,1,7459.23,1
./WORKING//matrices//oscil_dcop_41.pbin,1,10,10,430,30,1548,5.86466e+06,344,1189.42,100000,170,1,7459.23,1
./WORKING//matrices//oscil_dcop_42.pbin,1,10,10,430,30,1548,5.86466e+06,344,1189.42,100000,170,1,7459.23,1
./WORKING//matrices//oscil_dcop_43.pbin,1,10,10,430,30,1548,5.86466e+06,344,1189.42,100000,170,1,7459.23,1
./WORKING//matrices//oscil_dcop_44.pbin,1,10,10,430,30,1548,5.86466e+06,344,1189.42,100000,170,1,7459.23,1
./WORKING//matrices//oscil_dcop_45.pbin,1,10,10,430,30,1548,5.86466e+06,344,1189.42,100000,170,1,7459.23,1
./WORKING//matrices//oscil_dcop_46.pbin,1,10,10,430,30,1548,5.86466e+06,344,1189.42,100000,170,1,7459.23,1
./WORKING//matrices//oscil_dcop_47.pbin,1,10,10,430,30,1548,5.86466e+06,344,1189.42,100000,170,1,7459.23,1
./WORKING//matrices//oscil_dcop_48.pbin,1,10,10,430,30,1548,5.86466e+06,344,1189.42,100000,170,1,7459.23,1
./WORKING//matrices//oscil_dcop_49.pbin,1,10,10,430,30,1548,5.86466e+06,344,1189.42,100000,170,1,7459.23,1
./WORKING//matrices//oscil_dcop_50.pbin,1,10,10,430,30,1548,5.86466e+06,344,1189.42,100000,170,1,7459.23,1
./WORKING//matrices//oscil_dcop_51.pbin,1,10,10,430,30,1548,5.86466e+06,344,1189.42,100000,170,1,7459.23,1
./WORKING//matrices//oscil_dcop_52.pbin,1,10,10,430,30,1548,5.86466e+06,344,1189.42,100000,170,1,7459.23,1
./WORKING//matrices//oscil_dcop_53.pbin,1,10,10,430,30,1548,5.86466e+06,344,1189.42,100000,170,1,7459.23,1
./WORKING//matrices//oscil_dcop_54.pbin,1,10,10,430,30,1548,5.86466e+06,344,1189.42,100000,170,1,7459.23,1
./WORKING//matrices//oscil_dcop_55.pbin,1,10,10,430,30,1548,5.86466e+06,344,1189.42,100000,170,1,7459.23,1
./WORKING//matrices//oscil_dcop_56.pbin,1,10,10,430,30,1548,5.86466e+06,344,1189.42,100000,170,1,7459.23,1
./WORKING//matrices//oscil_dcop_57.pbin,1,10,10,430,30,1548,5.86466e+06,344,1189.42,100000,170,1,7459.23,1
./WORKING//matrices//oscil_trans_01.pbin,1,10,10,430,30,1548,5.87142e+06,401.333,1020.68,100000,170,1,7459.23,1
./WORKING//matrices//pcrystk02.pbin,1,10,10,13965,30,980343,13965,13965,0.00214823,9,461,1,0.00500104,1
./WORKING//matrices//pcrystk03.pbin,1,10,10,24696,30,1.86702e+06,24696,24696,0.00121477,9,572,1,0.00305179,1
./WORKING//matrices//pde225.pbin,1,10,10,225,30,1057.5,988.727,225,0.585912,9.93192,15,1,0.125208,1
./WORKING//matrices//pde2961.pbin,1,10,10,2961,30,14805,11460.4,2961,0.0392141,6.48158,47,1,0.0045319,1
./WORKING//matrices//pde900.pbin,1,10,10,900,30,4410,4069.42,900,0.150719,8.19839,30,1,0.0262875,1
./WORKING//matrices//pesa.pbin,1,10,10,11738,30,83339.8,120510,11738,0.0262396,24,11091,1,0.014859,1
./WORKING//matrices//pivtol.pbin,1,10,10,102,30,306,8.07534,102,0.0232853,2,101,1,1.547e-05,0
./WORKING//matrices//pkustk01.pbin,1,10,10,22044,30,820037,22044,22044,0.00136091,6,5672,1,0.00168438,1
./WORKING//matrices//pkustk02.pbin,1,10,10,10800,30,758160,10800,10800,0.00277778,10,5255,1,0.00645211,1
./WORKING//matrices//plat1919.pbin,1,10,10,1919,30,33198.7,565.317,1919,0.00460536,1.31586,1297,1,0.000169168,1
./WORKING//matrices//plat362.pbin,1,10,10,362,30,5936.8,59.6952,362,0.0136661,0.404465,249,1,0.000211083,1
./WORKING//matrices//plsk1919.pbin,1,10,10,1919,30,10362.6,0,0,-nan,0,1296,0,0.000160011,1
./WORKING//matrices//plskz362.pbin,1,10,10,362,30,1810,0,0,-nan,0.0407054,248,0,0.000542283,1
./WORKING//matrices//poisson2D.pbin,1,10,10,367,29,2312.1,194.2,367,0.0418134,0.734075,348,1,0.000891418,1
./WORKING//matrices//poli_large.pbin,1,10,10,15575,30,31150,15575,15575,0.00192616,8,15446,1,0.000109435,0
./WORKING//matrices//poli.pbin,1,10,10,4008,30,8016,4008,4008,0.00748503,1.26,422,1,0.000345663,0
./WORKING//matrices//pores_1.pbin,1,10,10,30,26,177,7.01778e+07,30,2.02736e+06,3.89616e+07,11,3,8.11312e+11,0
./WORKING//matrices//pores_2.pbin,1,10,10,1224,30,7344,1.61751e+09,1224,32389.5,4.33451e+07,265,1,7.46953e+09,0
./WORKING//matrices//pores_3.pbin,1,10,10,532,29,3245.2,2.45251e+06,532,251.296,47248.4,77,1,969355,0
./WORKING//matrices//problem1.pbin,1,10,10,415,30,2780.5,1271.16,415,0.221424,7.23231,147,1,0.033938,1
./WORKING//matrices//radfr1.pbin,1,10,10,1048,28,13204.8,555.793,411.714,0.0360673,5.86407,948,0,0.0197166,0
./WORKING//matrices//raefsky5.pbin,1,10,10,6316,30,159795,3.23509e+11,6316,243290,1.76768e+08,326,1,1.00572e+10,0
./WORKING//matrices//raefsky6.pbin,1,10,10,3402,30,150028,4.34987e+16,3402,1.12753e+11,1.9163e+14,279,1,1.97368e+17,0
./WORKING//matrices//rajat01.pbin,1,10,10,6833,30,51247.5,4555.33,4555.33,0.00439046,7,6826,0,0.00109581,1
./WORKING//matrices//rajat02.pbin,1,10,10,1960,30,8820,1306.67,1306.67,0.0153061,9,1949,0,0.00229139,1
./WORKING//matrices//rajat03.pbin,1,10,10,7602,30,27367.2,40544.1,5068,0.0315707,20,7593,0,0.0236812,1
./WORKING//matrices//rajat04.pbin,1,10,10,1041,30,10305.9,801863,694,33.2975,20900,1012,0,1.4034,1
./WORKING//matrices//rajat05.pbin,1,10,10,301,30,1113.7,152.248,270.9,0.0560141,4.17945,298,1,0.00390696,0
./WORKING//matrices//rajat06.pbin,1,10,10,10922,30,48056.8,7281.33,7281.33,0.00274675,2,10913,0,0.000402724,1
./WORKING//matrices//rajat07.pbin,1,10,10,14842,30,62336.4,9894.67,9894.67,0.00202129,2,14833,0,0.000282915,1
./WORKING//matrices//rajat08.pbin,1,10,10,19362,30,85192.8,12908,12908,0.00154943,2,19353,0,0.000227207,1
./WORKING//matrices//rajat11.pbin,1,10,10,135,29,594,75.4616,121.034,0.133931,7.50125,133,0,0.0418171,0
./WORKING//matrices//rajat12.pbin,1,10,10,1879,30,11461.9,52096.1,1315.3,0.632376,459.731,1877,1,0.003961,1
./WORKING//matrices//rajat13.pbin,1,10,10,7598,30,36470.4,2.28432e+08,6078.4,148.385,371619,7594,1,0.0492013,1
./WORKING//matrices//rajat14.pbin,1,10,10,180,30,1296,420318,126,555.977,38389.3,177,1,324.017,0
./WORKING//matrices//rbsa480.pbin,1,10,10,480,30,19872,6512,144,2.82639,417,477,0,262.821,0
./WORKING//matrices//rbsb480.pbin,1,10,10,480,30,19968,10240,160,4,393,477,0,286.786,0
./WORKING//matrices//rdb2048.pbin,1,10,10,2048,30,11878.4,54832.1,2048,0.392189,61.722,64,1,0.587704,1
./WORKING//matrices//rdb5000.pbin,1,10,10,5000,30,29500,319339,5000,0.383207,134.298,100,1,1.26199,1
./WORKING//matrices//rdb968.pbin,1,10,10,968,30,5711.2,12617.7,968,0.403971,34.842,44,1,0.35064,1
./WORKING//matrices//rdist1.pbin,1,10,10,4134,30,95908.8,538.892,1791.4,0.00218303,1,3934,0,0.000247685,0
./WORKING//matrices//rdist2.pbin,1,10,10,3198,30,57564,415.958,1279.2,0.00305038,1,2370,0,0.0126688,0
./WORKING//matrices//rdist3a.pbin,1,10,10,2398,29,63067.4,283.723,1074.97,0.00319189,1,90,0,12.6673,0
./WORKING//matrices//rgg010.pbin,1,10,10,10,10,70,10,10,1,10,9,4,0.153333,0
./WORKING//matrices//rw136.pbin,1,10,10,136,29,503.2,0,0,-nan,1,15,0,0.00267237,0
./WORKING//matrices//rw496.pbin,1,10,10,496,30,1835.2,0,0,-nan,1,30,0,0.000638151,0
./WORKING//matrices//saylr3.pbin,1,10,10,1000,30,3800,865.202,1000,0.025956,4.661,100,1,0.00243678,1
./WORKING//matrices//saylr4.pbin,1,10,10,3564,30,22809.6,2.13415e+07,3564,50.4046,13303.9,198,1,18634.3,1
./WORKING//matrices//sherman1.pbin,1,10,10,1000,30,3800,898.535,1000,0.026956,5.008,100,1,0.00243678,1
./WORKING//matrices//sherman2.pbin,1,10,10,1080,30,23004,1.14262e+07,1080,293.885,1.53595e+07,221,1,1.23263e+11,0
./WORKING//matrices//sherman4.pbin,1,10,10,1104,30,4084.8,3566.18,1104,0.087778,18.081,368,1,0.120558,1
./WORKING//matrices//sherman5.pbin,1,10,10,3312,30,19872,50101.1,3312,0.137021,229.786,1106,1,3.22386,0
./WORKING//matrices//shermanACa.pbin,1,10,10,3432,30,15444,1082.62,3432,0.00275741,4.53136,2966,1,0.000602655,0
./WORKING//matrices//shermanACb.pbin,1,10,10,18510,30,120315,12405,18510,0.00108619,5.24076,14684,1,0.000931592,0
./WORKING//matrices//shermanACd.pbin,1,10,10,6136,30,42338.4,622.979,6136,0.000496391,1,5748,1,2.5345e-08,0
./WORKING//matrices//shl_0.pbin,1,10,10,663,30,1259.7,110.5,110.5,0.0452489,617,534,0,10.1281,0
./WORKING//matrices//shl_200.pbin,1,10,10,663,30,1458.6,110.5,110.5,0.0452489,1114,538,0,10.2383,0
./WORKING//matrices//shl_400.pbin,1,10,10,663,30,1524.9,66.3,66.3,0.0452489,1192,538,0,10.5172,0
./WORKING//matrices//shuttle_eddy.pbin,1,10,10,10429,30,106376,10429,10429,0.00287659,3,9419,1,0.000977043,1
./WORKING//matrices//shyy41.pbin,1,10,10,4720,30,20296,41035.9,2674.67,0.0975154,34.7777,40,0,0.0765109,1
./WORKING//matrices//sinc12.pbin,1,10,10,7500,30,239250,0,0,-nan,19.304,3537,0,236594,0
./WORKING//matrices//skirt.pbin,1,10,10,12598,30,187710,12598,12598,0.00238133,9,591,1,0.00118122,1
./WORKING//matrices//sphere2.pbin,1,10,10,66,27,462,66,66,0.409091,7,19,2,0.0962704,1
./WORKING//matrices//sphere3.pbin,1,10,10,258,30,1806,258,258,0.116279,7,47,1,0.0264984,1
./WORKING//matrices//sstmodel.pbin,1,10,10,3345,30,20404.5,3345,3345,0.00896861,3,63,1,0.00181929,1
./WORKING//matrices//steam1.pbin,1,10,10,240,30,1824,6.49847e+08,240,338462,2.17126e+07,141,1,3.51932e+11,0
./WORKING//matrices//steam2.pbin,1,10,10,600,30,5880,5.43238e+11,600,4.52699e+07,4.62519e+09,330,1,2.76331e+15,0
./WORKING//matrices//steam3.pbin,1,10,10,80,29,304,5.49787e+10,80,2.49122e+08,1.73857e+10,40,1,4.95387e+12,0
./WORKING//matrices//str_0.pbin,1,10,10,363,30,3593.7,12.1,12.1,0.0826446,2.242,168,0,0.00543055,0
./WORKING//matrices//str_200.pbin,1,10,10,363,30,2722.5,12.1,12.1,0.0826446,2.04285,295,0,0.023153,0
./WORKING//matrices//str_400.pbin,1,10,10,363,30,2141.7,12.1,12.1,0.0826446,12.991,295,0,0.0100116,0
./WORKING//matrices//str_600.pbin,1,10,10,363,29,3085.5,12.5172,12.5172,0.0798898,10.34,295,0,0.0163146,0
./WORKING//matrices//struct4.pbin,1,10,10,4350,30,208365,4350,4350,0.00689655,9,547,1,0.0108681,1
./WORKING//matrices//swang1.pbin,1,10,10,3169,29,20915.4,30.1918,3169,8.71853e-05,0.0149708,2576,1,2.92156e-08,1
./WORKING//matrices//swang2.pbin,1,10,10,3169,29,20915.4,34.2205,3169,9.88188e-05,0.0196963,2576,1,3.59708e-08,1
./WORKING//matrices//tandem_vtx.pbin,1,10,10,18454,30,249129,18454,18454,0.00162566,2,18411,1,0.000731004,1
./WORKING//matrices//thermal.pbin,1,10,10,3456,30,63244.8,2026.83,3456,0.00509086,0.757499,2297,1,0.000130885,1
./WORKING//matrices//tub100.pbin,1,10,10,100,30,400,96611.9,100,289.836,2032.21,2,1,13933.5,1
./WORKING//matrices//utm1700b.pbin,1,10,10,1700,30,20740,1206.5,1700,0.0125242,1.41421,171,1,0.000588545,0
./WORKING//matrices//utm300.pbin,1,10,10,300,30,3300,215.71,300,0.0719035,2.06527,54,1,0.00334309,0
./WORKING//matrices//utm5940.pbin,1,10,10,5940,30,102168,4114.78,5940,0.00349861,1.41421,334,1,0.000168376,0
./WORKING//matrices//wang1.pbin,1,10,10,2903,30,17998.6,580.948,2903,0.00206807,1.19692,224,1,3.30336e-05,1
./WORKING//matrices//wang2.pbin,1,10,10,2903,30,17998.6,566.636,2903,0.00201712,1.19692,224,1,3.01686e-05,1
./WORKING//matrices//watt_1.pbin,1,10,10,1856,30,12064,1237.33,1856,0.0107759,1,64,1,1.83617e-17,1
./WORKING//matrices//watt_2.pbin,1,10,10,1856,30,12064,1175.47,1856,0.0102371,2,64,1,1.83617e-17,0
./WORKING//matrices//west0067.pbin,1,10,10,67,28,328.3,0.449869,4.78571,0.0392846,6.59006,59,0,0.054462,0
./WORKING//matrices//west0132.pbin,1,10,10,132,29,594,1.55731,9.10345,0.0375831,100.124,93,0,8.61848e+06,0
./WORKING//matrices//west0156.pbin,1,10,10,156,30,343.2,0,0,-nan,11.4653,147,0,0.0279895,0
./WORKING//matrices//west0167.pbin,1,10,10,167,29,885.1,164.257,34.5517,0.825533,283.428,158,0,18.3984,0
./WORKING//matrices//west0479.pbin,1,10,10,479,30,2107.6,0,0,-nan,0.288309,145,0,0.0369743,0
./WORKING//matrices//west0497.pbin,1,10,10,497,29,2137.1,117726,34.2759,200.413,16079.3,158,0,153.551,0
./WORKING//matrices//west0655.pbin,1,10,10,655,30,2751,0,0,-nan,1,504,0,0.119096,0
./WORKING//matrices//west0989.pbin,1,10,10,989,30,4648.3,38.488,65.9333,0.017707,347.587,852,0,114944,0
./WORKING//matrices//west1505.pbin,1,10,10,1505,30,8729,58.5688,100.333,0.011636,147.172,377,0,6.73481,0
./WORKING//matrices//west2021.pbin,1,10,10,2021,30,12530.2,81.137,134.733,0.00893921,3923.2,468,0,5.03559e+06,0
./WORKING//matrices//will199.pbin,1,10,10,199,29,656.7,54.8966,54.8966,0.145729,6,165,0,0.0163748,0
./WORKING//matrices//will57.pbin,1,10,10,57,28,256.5,57,57,0.491228,10,44,1,0.0734336,0
./WORKING//matrices//young3c.pbin,1,10,10,841,30,3952.7,163486,841,6.9344,346.46,30,1,44.9303,1
./WORKING//matrices//zenios.pbin,1,10,10,2873,30,2873,0,0,-nan,0.213473,624,0,7.21198e-06,1
