Matrix Name, Comm Size , Edge, Interior ,Dimension,npoints,nnz,AbsoluteTrace,DiagonalNonZeros,DiagonalAverage,InfinityNorm,lowerBandwidth,MinNonZeroPerRow,ColumnVariance,NonZeroPatternSymmetry
./WORKING//matrices//494_bus.pbin,1,10,20,494,39,1778.4,301360,494,48.1611,10039.1,428,1,29776.5,1
./WORKING//matrices//662_bus.pbin,1,10,20,662,39,2118.4,93535,662,8.32382,1422.9,296,1,9.33995,1
./WORKING//matrices//685_bus.pbin,1,10,20,685,40,3904.5,598638,685,51.0321,26447.4,328,1,133.183,1
./WORKING//matrices//adder_dcop_01.pbin,1,10,20,1813,40,8974.35,1.75164,1767.67,2.18627e-05,1.03613,1702,1,1.16673e-11,0
./WORKING//matrices//adder_dcop_02.pbin,1,10,20,1813,40,8974.35,20.5411,1767.67,0.00025638,1.40785,1702,1,3.52964e-09,0
./WORKING//matrices//adder_dcop_03.pbin,1,10,20,1813,40,8430.45,36.6378,1767.67,0.000457287,1.72907,1702,1,7.60871e-09,0
./WORKING//matrices//adder_dcop_04.pbin,1,10,20,1813,40,8883.7,49.6865,1767.67,0.000620152,1.96686,1702,1,6.80225e-08,0
./WORKING//matrices//adder_dcop_05.pbin,1,10,20,1813,40,8702.4,155.473,1767.67,0.00194051,4.34116,1702,1,1.28358e-08,0
./WORKING//matrices//adder_dcop_06.pbin,1,10,20,1813,40,8793.05,77.7122,1767.67,0.000969949,2.61977,1702,1,8.96341e-09,0
./WORKING//matrices//adder_dcop_07.pbin,1,10,20,1813,40,8793.05,156.862,1767.67,0.00195784,4.37497,1702,1,8.06558e-09,0
./WORKING//matrices//adder_dcop_08.pbin,1,10,20,1813,40,8974.35,87.7678,1767.67,0.00109546,2.8407,1702,1,8.64648e-09,0
./WORKING//matrices//adder_dcop_09.pbin,1,10,20,1813,40,8974.35,657.894,1767.67,0.00821137,15.4334,1702,1,8.42247e-09,0
./WORKING//matrices//adder_dcop_10.pbin,1,10,20,1813,40,8974.35,94.3398,1767.67,0.00117748,2.95567,1702,1,7.17989e-08,0
./WORKING//matrices//adder_dcop_11.pbin,1,10,20,1813,39,8430.45,49.2861,1766.51,0.00060017,1.96768,1408,1,9.61565e-09,0
./WORKING//matrices//adder_dcop_12.pbin,1,10,20,1813,39,8430.45,38.0491,1766.51,0.000463334,1.7223,1408,1,9.40586e-09,0
./WORKING//matrices//adder_dcop_13.pbin,1,10,20,1813,39,8430.45,32.4105,1766.51,0.000394671,1.60302,1408,1,1.05769e-08,0
./WORKING//matrices//adder_dcop_14.pbin,1,10,20,1813,39,8430.45,37.3297,1766.51,0.000454574,1.7217,1408,1,8.45494e-09,0
./WORKING//matrices//adder_dcop_15.pbin,1,10,20,1813,39,8430.45,31.5827,1766.51,0.000384591,1.59327,1408,1,8.31179e-09,0
./WORKING//matrices//adder_dcop_16.pbin,1,10,20,1813,39,8430.45,27.7355,1766.51,0.000337743,1.50677,1408,1,8.6471e-09,0
./WORKING//matrices//adder_dcop_17.pbin,1,10,20,1813,39,8430.45,26.3651,1766.51,0.000321055,1.47399,1408,1,9.00432e-09,0
./WORKING//matrices//adder_dcop_18.pbin,1,10,20,1813,39,8430.45,25.8496,1766.51,0.000314778,1.46326,1408,1,8.98403e-09,0
./WORKING//matrices//adder_dcop_19.pbin,1,10,20,1813,39,8430.45,25.6375,1766.51,0.000312195,1.45715,1408,1,9.01317e-09,0
./WORKING//matrices//adder_dcop_20.pbin,1,10,20,1813,39,8430.45,24.1154,1766.51,0.000293659,1.42363,1408,1,9.14053e-09,0
./WORKING//matrices//adder_dcop_21.pbin,1,10,20,1813,39,8430.45,20.0509,1766.51,0.000244166,1.33612,1408,1,9.14673e-09,0
./WORKING//matrices//adder_dcop_22.pbin,1,10,20,1813,39,8430.45,20.0678,1766.51,0.000244371,1.33647,1408,1,9.14681e-09,0
./WORKING//matrices//adder_dcop_23.pbin,1,10,20,1813,39,8430.45,20.0854,1766.51,0.000244586,1.33688,1408,1,9.14681e-09,0
./WORKING//matrices//adder_dcop_24.pbin,1,10,20,1813,39,8430.45,20.0787,1766.51,0.000244504,1.33675,1408,1,9.14681e-09,0
./WORKING//matrices//adder_dcop_25.pbin,1,10,20,1813,39,8430.45,20.0844,1766.51,0.000244573,1.33692,1408,1,9.14681e-09,0
./WORKING//matrices//adder_dcop_26.pbin,1,10,20,1813,39,8430.45,20.0799,1766.51,0.000244519,1.33684,1408,1,9.14681e-09,0
./WORKING//matrices//adder_dcop_27.pbin,1,10,20,1813,39,8430.45,20.0735,1766.51,0.00024444,1.33676,1408,1,9.14681e-09,0
./WORKING//matrices//adder_dcop_28.pbin,1,10,20,1813,39,8430.45,20.0769,1766.51,0.000244482,1.33688,1408,1,9.14681e-09,0
./WORKING//matrices//adder_dcop_29.pbin,1,10,20,1813,39,8430.45,20.0666,1766.51,0.000244357,1.3367,1408,1,9.14681e-09,0
./WORKING//matrices//adder_dcop_30.pbin,1,10,20,1813,39,8430.45,20.0725,1766.51,0.000244428,1.33688,1408,1,9.14681e-09,0
./WORKING//matrices//adder_dcop_31.pbin,1,10,20,1813,39,8430.45,20.0643,1766.51,0.000244328,1.33677,1408,1,9.14681e-09,0
./WORKING//matrices//adder_dcop_32.pbin,1,10,20,1813,39,8430.45,20.0759,1766.51,0.000244469,1.33706,1408,1,9.14681e-09,0
./WORKING//matrices//adder_dcop_33.pbin,1,10,20,1813,39,8430.45,20.0759,1766.51,0.00024447,1.33708,1408,1,9.14681e-09,0
./WORKING//matrices//adder_dcop_34.pbin,1,10,20,1813,39,8430.45,20.063,1766.51,0.000244312,1.33683,1408,1,9.14681e-09,0
./WORKING//matrices//adder_dcop_35.pbin,1,10,20,1813,39,8430.45,20.0377,1766.51,0.000244005,1.33631,1408,1,9.14681e-09,0
./WORKING//matrices//adder_dcop_36.pbin,1,10,20,1813,39,8430.45,21.2184,1766.51,0.000258383,1.36174,1408,1,9.14681e-09,0
./WORKING//matrices//adder_dcop_37.pbin,1,10,20,1813,39,8430.45,20.2568,1766.51,0.000246673,1.34101,1408,1,9.14681e-09,0
./WORKING//matrices//adder_dcop_38.pbin,1,10,20,1813,39,8430.45,20.0707,1766.51,0.000244406,1.33701,1408,1,9.14681e-09,0
./WORKING//matrices//adder_dcop_39.pbin,1,10,20,1813,39,8430.45,20.0602,1766.51,0.000244279,1.33678,1408,1,9.14681e-09,0
./WORKING//matrices//adder_dcop_40.pbin,1,10,20,1813,39,8430.45,20.1238,1766.51,0.000245054,1.33815,1408,1,9.14681e-09,0
./WORKING//matrices//adder_dcop_41.pbin,1,10,20,1813,39,8430.45,20.0636,1766.51,0.00024432,1.33686,1408,1,9.14681e-09,0
./WORKING//matrices//adder_dcop_42.pbin,1,10,20,1813,39,8430.45,20.0555,1766.51,0.000244222,1.33668,1408,1,9.14681e-09,0
./WORKING//matrices//adder_dcop_43.pbin,1,10,20,1813,39,8430.45,20.065,1766.51,0.000244337,1.33689,1408,1,9.14681e-09,0
./WORKING//matrices//adder_dcop_44.pbin,1,10,20,1813,39,8430.45,20.058,1766.51,0.000244251,1.33673,1408,1,9.14681e-09,0
./WORKING//matrices//adder_dcop_45.pbin,1,10,20,1813,39,8430.45,20.0657,1766.51,0.000244345,1.3369,1408,1,9.14681e-09,0
./WORKING//matrices//adder_dcop_46.pbin,1,10,20,1813,39,8430.45,20.0616,1766.51,0.000244296,1.33681,1408,1,9.14681e-09,0
./WORKING//matrices//adder_dcop_47.pbin,1,10,20,1813,39,8430.45,20.058,1766.51,0.000244251,1.33673,1408,1,9.14681e-09,0
./WORKING//matrices//adder_dcop_48.pbin,1,10,20,1813,39,8430.45,20.0554,1766.51,0.00024422,1.33668,1408,1,9.14681e-09,0
./WORKING//matrices//adder_dcop_49.pbin,1,10,20,1813,39,8430.45,20.0605,1766.51,0.000244282,1.33679,1408,1,9.14681e-09,0
./WORKING//matrices//adder_dcop_50.pbin,1,10,20,1813,39,8430.45,20.0526,1766.51,0.000244186,1.33662,1408,1,9.14681e-09,0
./WORKING//matrices//adder_dcop_51.pbin,1,10,20,1813,39,8430.45,19.9557,1766.51,0.000243006,1.33453,1408,1,9.14681e-09,0
./WORKING//matrices//adder_dcop_52.pbin,1,10,20,1813,39,8430.45,19.6143,1766.51,0.000238849,1.32719,1408,1,9.14681e-09,0
./WORKING//matrices//adder_dcop_53.pbin,1,10,20,1813,39,8430.45,19.6173,1766.51,0.000238885,1.32726,1408,1,9.14681e-09,0
./WORKING//matrices//adder_dcop_54.pbin,1,10,20,1813,39,8430.45,19.6175,1766.51,0.000238887,1.32726,1408,1,9.14681e-09,0
./WORKING//matrices//adder_dcop_55.pbin,1,10,20,1813,40,9065,19.4872,1767.67,0.000243225,1.3287,1487,1,1.83812e-08,0
./WORKING//matrices//adder_dcop_56.pbin,1,10,20,1813,40,9065,19.4873,1767.67,0.000243226,1.3287,1487,1,1.83822e-08,0
./WORKING//matrices//adder_dcop_57.pbin,1,10,20,1813,40,9065,19.4873,1767.67,0.000243226,1.3287,1487,1,1.83822e-08,0
./WORKING//matrices//adder_dcop_58.pbin,1,10,20,1813,40,9065,19.4873,1767.67,0.000243226,1.3287,1487,1,1.83822e-08,0
./WORKING//matrices//adder_dcop_59.pbin,1,10,20,1813,40,9065,19.4873,1767.67,0.000243226,1.3287,1487,1,1.83822e-08,0
./WORKING//matrices//adder_dcop_60.pbin,1,10,20,1813,40,9065,19.4873,1767.67,0.000243226,1.3287,1487,1,1.83822e-08,0
./WORKING//matrices//adder_dcop_61.pbin,1,10,20,1813,40,9065,19.4873,1767.67,0.000243226,1.3287,1487,1,1.83822e-08,0
./WORKING//matrices//adder_dcop_62.pbin,1,10,20,1813,40,9065,19.4873,1767.67,0.000243226,1.3287,1487,1,1.83822e-08,0
./WORKING//matrices//adder_dcop_63.pbin,1,10,20,1813,40,9065,19.4873,1767.67,0.000243226,1.3287,1487,1,1.83822e-08,0
./WORKING//matrices//adder_dcop_64.pbin,1,10,20,1813,40,9065,19.4873,1767.67,0.000243226,1.3287,1487,1,1.83822e-08,0
./WORKING//matrices//adder_dcop_65.pbin,1,10,20,1813,40,9065,19.4873,1767.67,0.000243226,1.3287,1487,1,1.83822e-08,0
./WORKING//matrices//adder_dcop_66.pbin,1,10,20,1813,40,9065,19.4873,1767.67,0.000243226,1.3287,1487,1,1.83822e-08,0
./WORKING//matrices//adder_dcop_67.pbin,1,10,20,1813,40,9065,19.4873,1767.67,0.000243226,1.3287,1487,1,1.83822e-08,0
./WORKING//matrices//adder_dcop_68.pbin,1,10,20,1813,40,9065,19.4873,1767.67,0.000243226,1.3287,1487,1,1.83822e-08,0
./WORKING//matrices//adder_dcop_69.pbin,1,10,20,1813,40,9065,19.4873,1767.67,0.000243226,1.3287,1487,1,1.83822e-08,0
./WORKING//matrices//adder_trans_01.pbin,1,10,20,1814,40,11700.3,350.104,1768.65,0.00436494,8.165,1802,1,7.33502e-07,1
./WORKING//matrices//adder_trans_02.pbin,1,10,20,1814,40,11700.3,350.104,1768.65,0.00436494,8.165,1802,1,7.33502e-07,1
./WORKING//matrices//aft01.pbin,1,10,20,8205,40,119793,144076,8205,0.0856039,360.311,154,1,1.35854,1
./WORKING//matrices//Alemdar.pbin,1,10,20,6245,40,45588.5,6245,6245,0.00640512,10,5534,1,0.0817931,1
./WORKING//matrices//arc130.pbin,1,10,20,130,38,546,137.019,130,0.308089,2.18767,125,3,1.56267e+07,0
./WORKING//matrices//ash292.pbin,1,10,20,292,39,2248.4,292,292,0.133562,7,24,1,0.025692,1
./WORKING//matrices//ash85.pbin,1,10,20,85,40,531.25,85,85,0.470588,6,39,1,0.0685014,1
./WORKING//matrices//b1_ss.pbin,1,10,20,7,7,14,6,6,1,3,6,2,0.241845,0
./WORKING//matrices//b2_ss.pbin,1,10,20,1089,40,2831.4,0,0,-nan,6527.25,909,0,2051.66,0
./WORKING//matrices//barth4.pbin,1,10,20,6019,40,41531.1,6019,6019,0.00664562,4,3105,1,0.00114524,1
./WORKING//matrices//barth5.pbin,1,10,20,15606,40,105340,15606,15606,0.00256312,5,3311,1,0.000432363,1
./WORKING//matrices//barth.pbin,1,10,20,6691,40,46502.4,6691,6691,0.00597818,3,5583,1,0.00103776,1
./WORKING//matrices//bayer04.pbin,1,10,20,20545,40,76016.5,0,0,-nan,20000,14567,0,1.71412e+07,0
./WORKING//matrices//bayer05.pbin,1,10,20,3268,40,14706,0,0,-nan,1,3008,0,13181.6,0
./WORKING//matrices//bayer06.pbin,1,10,20,3008,40,18348.8,0,0,-nan,1,2305,0,1.36284e+07,0
./WORKING//matrices//bayer07.pbin,1,10,20,3268,40,14869.4,0,0,-nan,1,3008,0,13181.6,0
./WORKING//matrices//bayer08.pbin,1,10,20,3008,40,18348.8,0,0,-nan,1,2305,0,1.55664e+09,0
./WORKING//matrices//bayer09.pbin,1,10,20,3083,40,13873.5,0,0,-nan,12384.6,2437,0,0.958702,0
./WORKING//matrices//bayer10.pbin,1,10,20,13436,40,64492.8,0,0,-nan,0.01,11180,0,0.000416967,0
./WORKING//matrices//bcspwr01.pbin,1,10,20,39,31,134.55,39,39,0.794872,5,38,1,0.0820513,1
./WORKING//matrices//bcspwr02.pbin,1,10,20,49,34,176.4,49,49,0.693878,5,34,2,0.068665,1
./WORKING//matrices//bcspwr03.pbin,1,10,20,118,40,424.8,118,118,0.338983,6,115,1,0.0297624,1
./WORKING//matrices//bcspwr04.pbin,1,10,20,274,40,1383.7,274,274,0.145985,5,265,1,0.0180724,1
./WORKING//matrices//bcspwr05.pbin,1,10,20,443,40,1661.25,443,443,0.0902935,4,435,1,0.00840322,1
./WORKING//matrices//bcspwr06.pbin,1,10,20,1454,40,4798.2,1454,1454,0.0275103,4,612,1,0.00226496,1
./WORKING//matrices//bcspwr07.pbin,1,10,20,1612,40,6528.6,1612,1612,0.0248139,4,1083,1,0.00250655,1
./WORKING//matrices//bcspwr08.pbin,1,10,20,1624,40,5927.6,1624,1624,0.0246305,4,704,1,0.00224298,1
./WORKING//matrices//bcspwr09.pbin,1,10,20,1723,40,6030.5,1723,1723,0.0232153,2,1499,1,0.002028,1
./WORKING//matrices//bcspwr10.pbin,1,10,20,5300,40,22525,5300,5300,0.00754717,2,4938,1,0.000801363,1
./WORKING//matrices//bcsstk01.pbin,1,10,20,48,34,360,3.28946e+10,48,4.85423e+08,3.11403e+09,32,3,2.76624e+16,1
./WORKING//matrices//bcsstk02.pbin,1,10,20,66,36,4356,300508,66,2483.54,21183.1,65,36,662396,1
./WORKING//matrices//bcsstk03.pbin,1,10,20,112,37,672,2.21885e+12,112,6.54476e+09,2.11874e+11,7,1,1.36933e+19,1
./WORKING//matrices//bcsstk04.pbin,1,10,20,132,39,3768.6,2.96417e+08,132,663467,7.65931e+06,46,1,1.35676e+11,1
./WORKING//matrices//bcsstk05.pbin,1,10,20,153,39,2493.9,1.46395e+08,153,243898,5.62747e+06,25,2,2.7919e+10,1
./WORKING//matrices//bcsstk06.pbin,1,10,20,420,40,7896,1.99621e+11,420,4.52654e+07,3.58346e+09,47,1,2.78599e+15,1
./WORKING//matrices//bcsstk07.pbin,1,10,20,420,40,7896,1.99621e+11,420,4.52654e+07,3.58346e+09,47,1,2.78599e+15,1
./WORKING//matrices//bcsstk08.pbin,1,10,20,1074,39,10686.3,2.41248e+12,1074,8.1568e+07,7.66809e+10,590,1,4.95236e+09,1
./WORKING//matrices//bcsstk09.pbin,1,10,20,1083,40,19060.8,1.80067e+10,1083,614096,6.57315e+07,62,1,5.77568e+11,1
./WORKING//matrices//bcsstk10.pbin,1,10,20,1086,40,19005,5.19305e+09,1086,176126,2.39327e+07,37,1,1.41933e+11,1
./WORKING//matrices//bcsstk11.pbin,1,10,20,1473,40,34468.2,9.067e+10,1473,1.67155e+06,6.15431e+08,649,1,3.78356e+12,1
./WORKING//matrices//bcsstk12.pbin,1,10,20,1473,40,34468.2,9.067e+10,1473,1.67155e+06,6.15431e+08,649,1,3.78356e+12,1
./WORKING//matrices//bcsstk13.pbin,1,10,20,2003,40,85127.5,6.51454e+13,2003,6.49504e+08,9.646e+11,1169,1,6.06731e+19,1
./WORKING//matrices//bcsstk14.pbin,1,10,20,1806,40,62758.5,9.35436e+11,1806,1.1472e+07,2.77761e+09,154,1,9.34738e+14,1
./WORKING//matrices//bcsstk15.pbin,1,10,20,3948,40,128507,1.4239e+12,3948,3.65415e+06,3.02994e+09,433,1,2.97752e+14,1
./WORKING//matrices//bcsstk16.pbin,1,10,20,4884,40,286447,2.21355e+12,4884,3.71191e+06,1.25061e+09,137,1,1.49889e+14,1
./WORKING//matrices//bcsstk18.pbin,1,10,20,11948,40,117090,3.04938e+12,11948,854439,1.82711e+09,1213,1,4.21965e+13,1
./WORKING//matrices//bcsstk19.pbin,1,10,20,817,40,7353,8.98421e+15,817,5.38388e+11,1.69839e+14,336,1,9.14306e+21,1
./WORKING//matrices//bcsstk20.pbin,1,10,20,485,40,3564.75,1.40929e+17,485,2.39649e+13,7.37271e+15,18,1,8.71704e+27,1
./WORKING//matrices//bcsstk21.pbin,1,10,20,3600,39,25380,7.45117e+10,3600,224225,1.36295e+08,125,1,3.55817e+11,1
./WORKING//matrices//bcsstk22.pbin,1,10,20,138,39,717.6,6.82362e+07,138,139740,5.2656e+06,111,1,9.19196e+09,1
./WORKING//matrices//bcsstk23.pbin,1,10,20,3134,40,48420.3,2.54906e+17,3134,1.03811e+12,1.17304e+15,449,1,1.47732e+25,1
./WORKING//matrices//bcsstk26.pbin,1,10,20,1922,40,30752,4.87072e+12,1922,5.27408e+07,2.51459e+10,232,1,1.22399e+17,1
./WORKING//matrices//bcsstk27.pbin,1,10,20,1224,40,57099.6,2.5228e+08,1224,6735.66,1.06052e+06,45,1,1.86161e+08,1
./WORKING//matrices//bcsstk29.pbin,1,10,20,13992,40,586964,13992,13992,0.00285878,10,1063,1,0.0029878,1
./WORKING//matrices//bcsstk33.pbin,1,10,20,8738,40,531707,8738,8738,0.00457771,10,548,1,0.00691183,1
./WORKING//matrices//bcsstk34.pbin,1,10,20,588,40,22638,8.1889e+08,588,94739.5,1.46321e+07,89,1,5.95047e+10,1
./WORKING//matrices//bcsstm01.pbin,1,10,20,48,34,19.2,3529.41,22.5882,110.677,200,0,0,270.833,1
./WORKING//matrices//bcsstm02.pbin,1,10,20,66,36,66,5.69056,66,0.0470294,0.172829,0,1,0.000159306,1
./WORKING//matrices//bcsstm03.pbin,1,10,20,112,40,67.2,57322.3,72.8,281.212,5403.5,0,0,0.54886,1
./WORKING//matrices//bcsstm04.pbin,1,10,20,132,39,52.8,5.22583,60.9231,0.0253433,0.172829,0,0,3.70041e-05,1
./WORKING//matrices//bcsstm05.pbin,1,10,20,153,39,153,60.6679,153,0.101074,0.927954,0,1,0.000688392,1
./WORKING//matrices//bcsstm06.pbin,1,10,20,420,40,420,1.00172e+06,420,227.148,7602.41,0,1,30661.9,1
./WORKING//matrices//bcsstm07.pbin,1,10,20,420,40,6594,228268,420,51.7615,2401.1,47,1,2265.64,1
./WORKING//matrices//bcsstm08.pbin,1,10,20,1074,40,1074,2.8427e+07,1074,985.785,1.03538e+06,0,1,558.66,1
./WORKING//matrices//bcsstm09.pbin,1,10,20,1083,40,1083,0.0771631,1083,2.63156e-06,0.00025902,0,1,1.23899e-11,1
./WORKING//matrices//bcsstm10.pbin,1,10,20,1086,40,20688.3,5.06518e+06,1086,171.789,14180.1,37,1,84176.1,1
./WORKING//matrices//bcsstm11.pbin,1,10,20,1473,39,1473,5215.89,1473,0.0937536,31.5781,0,1,8.06444e-05,1
./WORKING//matrices//bcsstm12.pbin,1,10,20,1473,39,20253.8,1312.76,1473,0.0235964,7.86121,561,1,3.08971e-05,1
./WORKING//matrices//bcsstm13.pbin,1,10,20,2003,40,16224.3,12041.1,1402.1,0.171501,118.555,476,0,0.566246,1
./WORKING//matrices//bcsstm19.pbin,1,10,20,817,40,817,1.09168e+09,817,65420.2,7.06223e+06,0,1,4.35441e+09,1
./WORKING//matrices//bcsstm20.pbin,1,10,20,485,40,485,3.38113e+08,485,57496,1.21986e+07,0,1,1.8911e+10,1
./WORKING//matrices//bcsstm21.pbin,1,10,20,3600,40,3600,0.253,3600,7.80865e-07,0.000146606,0,1,2.39913e-12,1
./WORKING//matrices//bcsstm22.pbin,1,10,20,138,38,138,0.152652,138,0.000304598,0.00835385,0,1,5.69555e-08,1
./WORKING//matrices//bcsstm23.pbin,1,10,20,3134,40,3134,8.25367e+08,3134,3361.32,1.29813e+06,0,1,7.55421e+07,1
./WORKING//matrices//bcsstm24.pbin,1,10,20,3562,40,3562,6.85419e+07,3562,216.087,223678,0,1,95168.8,1
./WORKING//matrices//bcsstm25.pbin,1,10,20,15439,40,15439,1.32612e+11,15439,22253.9,3.20935e+08,0,1,3.35037e+11,1
./WORKING//matrices//bcsstm26.pbin,1,10,20,1922,40,1922,251.438,1922,0.0027226,0.914016,0,1,5.22951e-05,1
./WORKING//matrices//bcsstm27.pbin,1,10,20,1224,39,53427.6,443762,1224,11.5519,1454.5,45,1,563.813,1
./WORKING//matrices//bcsstm34.pbin,1,10,20,588,40,25489.8,45.2199,588,0.00523161,1.01452,92,1,8.24076e-05,1
./WORKING//matrices//bcsstm38.pbin,1,10,20,8032,40,9638.4,55.1255,4618.4,5.94425e-05,0.212205,2,0,2.88761e-07,1
./WORKING//matrices//b_dyn.pbin,1,10,20,1089,40,3920.4,1.54177,27.225,0.0020801,30.3288,779,0,0.000129301,0
./WORKING//matrices//bfwa398.pbin,1,10,20,398,39,3781,1251.61,398,0.308154,9.23806,299,1,0.0502725,1
./WORKING//matrices//bfwa62.pbin,1,10,20,62,35,424.7,180.129,62,1.64009,9.47278,44,2,0.243273,0
./WORKING//matrices//bfwa782.pbin,1,10,20,782,39,8719.3,2475.42,782,0.15787,8.52688,551,1,0.0253041,1
./WORKING//matrices//bfwb398.pbin,1,10,20,398,39,3024.8,0.00352098,398,8.66885e-07,2.9e-05,294,1,3.82249e-13,1
./WORKING//matrices//bfwb62.pbin,1,10,20,62,35,337.9,0.00333634,62,3.03777e-05,0.0002,44,1,7.9343e-11,1
./WORKING//matrices//bfwb782.pbin,1,10,20,782,39,6764.3,0.00517293,782,3.29904e-07,2.05716e-05,551,1,9.43168e-14,1
./WORKING//matrices//big.pbin,1,10,20,13209,40,91142.1,147941,13209,0.0339163,28,11910,1,0.012447,1
./WORKING//matrices//blckhole.pbin,1,10,20,2132,40,14924,2132,2132,0.0187617,7,848,1,0.00327406,1
./WORKING//matrices//bp_0.pbin,1,10,20,822,40,2671.5,20.55,20.55,0.0486618,5.2806,495,0,0.192234,0
./WORKING//matrices//bp_1000.pbin,1,10,20,822,40,4726.5,20.55,20.55,0.0486618,6.4228,732,0,0.390489,0
./WORKING//matrices//bp_1200.pbin,1,10,20,822,40,4685.4,20.55,20.55,0.0486618,5.1299,804,0,0.361683,0
./WORKING//matrices//bp_1400.pbin,1,10,20,822,40,5301.9,20.55,20.55,0.0486618,5.1299,804,0,0.361878,0
./WORKING//matrices//bp_1600.pbin,1,10,20,822,40,5137.5,20.55,20.55,0.0486618,4.8562,804,0,0.361809,0
./WORKING//matrices//bp_200.pbin,1,10,20,822,40,3329.1,20.55,20.55,0.0486618,6.5976,776,0,0.434929,0
./WORKING//matrices//bp_400.pbin,1,10,20,822,40,3904.5,20.55,20.55,0.0486618,7.2109,755,0,4.21013,0
./WORKING//matrices//bp_600.pbin,1,10,20,822,40,4356.6,20.55,20.55,0.0486618,7.1702,755,0,0.407892,0
./WORKING//matrices//bp_800.pbin,1,10,20,822,40,4356.6,20.55,20.55,0.0486618,6.3445,755,0,0.305903,0
./WORKING//matrices//bwm200.pbin,1,10,20,200,36,790,92976.9,200,83.6792,1235.84,100,1,1780.08,1
./WORKING//matrices//cage10.pbin,1,10,20,11397,40,139613,7366.76,11397,0.00226859,0.954983,4297,1,4.24668e-05,1
./WORKING//matrices//cage3.pbin,1,10,20,5,5,-nan,2.33333,5,0.466667,2,4,3,-nan,1
./WORKING//matrices//cage4.pbin,1,10,20,9,9,51.75,5,9,0.555556,1.25,7,5,0.0308294,1
./WORKING//matrices//cage5.pbin,1,10,20,37,30,231.25,21.5792,37,0.472883,1.36999,23,2,0.0102736,1
./WORKING//matrices//cage6.pbin,1,10,20,93,38,776.55,56.5684,93,0.248537,1.09164,46,2,0.0043533,1
./WORKING//matrices//cage7.pbin,1,10,20,340,40,2873,209.426,340,0.0724657,0.935691,122,1,0.00132036,1
./WORKING//matrices//cage8.pbin,1,10,20,1015,40,10403.8,678.52,1015,0.0263445,1,406,1,0.00046661,1
./WORKING//matrices//cage9.pbin,1,10,20,3534,40,43821.6,2199.11,3534,0.00704327,0.949982,1080,1,0.00012582,1
./WORKING//matrices//can_1054.pbin,1,10,20,1054,40,10961.6,1054,1054,0.0379507,7,992,1,0.00977067,1
./WORKING//matrices//can_1072.pbin,1,10,20,1072,40,10666.4,1072,1072,0.0373134,6,993,1,0.00919026,1
./WORKING//matrices//can_144.pbin,1,10,20,144,40,1231.2,144,144,0.277778,9,142,1,0.0557911,1
./WORKING//matrices//can_161.pbin,1,10,20,161,38,1360.45,161,161,0.236025,12,79,1,0.0500039,1
./WORKING//matrices//can_187.pbin,1,10,20,187,39,1449.25,187,187,0.208556,5,63,1,0.0398712,1
./WORKING//matrices//can_229.pbin,1,10,20,229,40,1946.5,229,229,0.174672,6,172,1,0.0358443,1
./WORKING//matrices//can_24.pbin,1,10,20,24,24,165.474,24,24,1,9,21,4,0.208333,1
./WORKING//matrices//can_256.pbin,1,10,20,256,40,2508.8,256,256,0.15625,8,251,1,0.0367862,1
./WORKING//matrices//can_268.pbin,1,10,20,268,40,2827.4,268,268,0.149254,12,263,1,0.0376887,1
./WORKING//matrices//can_292.pbin,1,10,20,292,40,2263,292,292,0.136986,9,282,1,0.0258762,1
./WORKING//matrices//can_445.pbin,1,10,20,445,39,3982.75,445,445,0.0876404,7,403,1,0.019751,1
./WORKING//matrices//can_61.pbin,1,10,20,61,34,512.4,61,61,0.557377,14,49,2,0.117432,1
./WORKING//matrices//can_62.pbin,1,10,20,62,36,226.3,62,62,0.580645,5,38,1,0.055936,1
./WORKING//matrices//can_634.pbin,1,10,20,634,40,6688.7,634,634,0.0630915,5,460,1,0.016379,1
./WORKING//matrices//can_715.pbin,1,10,20,715,40,5970.25,715,715,0.0559441,5,186,1,0.0115518,1
./WORKING//matrices//can_73.pbin,1,10,20,73,38,361.35,73,73,0.520548,9,39,1,0.0630518,1
./WORKING//matrices//can_838.pbin,1,10,20,838,40,8966.6,838,838,0.0477327,6,837,1,0.0125943,1
./WORKING//matrices//can_96.pbin,1,10,20,96,37,792,96,96,0.385417,6,31,1,0.0791941,1
./WORKING//matrices//cavity01.pbin,1,10,20,317,40,7275.15,946.245,261.525,0.456553,11.2,102,1,0.104673,0
./WORKING//matrices//cavity03.pbin,1,10,20,317,40,7322.7,1147.01,261.525,0.553418,65.3666,102,1,0.537576,0
./WORKING//matrices//cavity04.pbin,1,10,20,317,40,5610.9,1365.11,261.525,0.65865,93.4189,102,1,1.39511,1
./WORKING//matrices//cavity05.pbin,1,10,20,1182,40,37351.2,3086.99,975.15,0.107129,8.62222,177,0,0.0199978,0
./WORKING//matrices//cavity07.pbin,1,10,20,1182,40,37469.4,3100.34,975.15,0.107592,27.8579,177,0,0.0304807,0
./WORKING//matrices//cavity08.pbin,1,10,20,1182,40,34159.8,3215.15,975.15,0.111576,37.5318,177,0,0.0505576,1
./WORKING//matrices//cavity09.pbin,1,10,20,1182,40,37469.4,3458.12,975.15,0.120008,47.0276,177,0,0.0860557,0
./WORKING//matrices//cavity12.pbin,1,10,20,2597,40,69989.1,8632.61,2142.53,0.0620589,21.2221,252,0,0.021299,0
./WORKING//matrices//cavity13.pbin,1,10,20,2597,40,64016.1,8642.16,2142.53,0.0621276,27.82,252,0,0.0275378,1
./WORKING//matrices//cavity14.pbin,1,10,20,2597,40,69989.1,8672.67,2142.53,0.0623469,34.3189,252,0,0.0377611,0
./WORKING//matrices//cavity15.pbin,1,10,20,2597,40,64016.1,8969.85,2142.53,0.0644833,40.7274,252,0,0.0495982,1
./WORKING//matrices//cavity23.pbin,1,10,20,4562,40,116787,15314.3,3763.65,0.0356775,25.3331,327,0,0.0125765,1
./WORKING//matrices//cavity24.pbin,1,10,20,4562,40,122034,15323.4,3763.65,0.0356985,27.7989,327,0,0.0139566,0
./WORKING//matrices//cavity25.pbin,1,10,20,4562,40,116787,15342.3,3763.65,0.0357425,30.2519,327,0,0.0154693,1
./WORKING//matrices//cavity26.pbin,1,10,20,4562,40,122034,15370.2,3763.65,0.0358076,32.6921,327,0,0.017452,0
./WORKING//matrices//cdde1.pbin,1,10,20,961,38,4660.85,3815.85,961,0.15701,5.9707,31,1,0.0204401,1
./WORKING//matrices//cdde3.pbin,1,10,20,961,40,4612.8,3768.92,961,0.163241,6.85938,31,1,0.0199932,1
./WORKING//matrices//cdde5.pbin,1,10,20,961,40,4612.8,3609.38,961,0.156331,6.69336,31,1,0.0186655,1
./WORKING//matrices//cegb2802.pbin,1,10,20,2802,40,307660,2591.85,2591.85,0.0142755,12,203,0,0.0374816,1
./WORKING//matrices//cegb2919.pbin,1,10,20,2919,40,333642,2919,2919,0.0137033,10,1855,1,0.0374019,1
./WORKING//matrices//cegb3024.pbin,1,10,20,3024,40,71668.8,2948.4,2948.4,0.0132275,10,238,0,0.00777074,1
./WORKING//matrices//cegb3306.pbin,1,10,20,3306,40,63475.2,3306,3306,0.0120992,11,455,1,0.00577445,1
./WORKING//matrices//cell1.pbin,1,10,20,7055,40,30336.5,834578,7055,0.670707,413.602,83,1,2.98067,0
./WORKING//matrices//cell2.pbin,1,10,20,7055,40,30336.5,834571,7055,0.670702,413.6,83,1,2.98063,0
./WORKING//matrices//circuit_1.pbin,1,10,20,2624,39,48544,19.9246,1816.62,0.000163015,1.19385,2541,1,4.81897e-11,1
./WORKING//matrices//circuit_2.pbin,1,10,20,4510,40,9245.5,3282.42,3946.25,0.00737723,3.57443,876,1,0.000221718,0
./WORKING//matrices//circuit_3.pbin,1,10,20,12127,40,32136.5,7073.24,10308,0.00226335,6.78358,9436,1,5.57994e-05,0
./WORKING//matrices//ck104.pbin,1,10,20,104,36,1040,80.6061,104,0.26829,5.01482,55,1,0.00473252,1
./WORKING//matrices//coater1.pbin,1,10,20,1348,39,15636.8,518.462,518.462,0.0289318,60.1224,423,0,0.185525,0
./WORKING//matrices//commanche_dual.pbin,1,10,20,7920,40,31680,7920,7920,0.00505051,4,7485,1,0.000504859,1
./WORKING//matrices//comsol.pbin,1,10,20,1500,38,100275,321.123,1500,0.0054234,0.314689,1493,1,5.60045e-05,1
./WORKING//matrices//coupled.pbin,1,10,20,11341,40,119080,6225.96,8505.75,0.00258168,2.20808,11290,0,7.34391e-05,1
./WORKING//matrices//crystm01.pbin,1,10,20,4875,40,97256.2,2.15045e-09,4875,3.61944e-15,1.65433e-12,237,1,2.64155e-28,1
./WORKING//matrices//crystm02.pbin,1,10,20,13965,40,303739,2.07328e-09,13965,4.25243e-16,5.48206e-13,459,1,9.57027e-30,1
./WORKING//matrices//curtis54.pbin,1,10,20,54,34,283.5,54,54,0.62963,10,44,2,0.0888365,0
./WORKING//matrices//d_dyn1.pbin,1,10,20,87,37,208.8,0,0,-nan,10002,77,0,58405.2,0
./WORKING//matrices//d_dyn.pbin,1,10,20,87,37,208.8,0,0,-nan,1.00632,77,0,0.00991399,0
./WORKING//matrices//d_ss.pbin,1,10,20,53,34,148.4,252.268,6.23529,25.9542,2080.8,45,0,4838.81,0
./WORKING//matrices//dw1024.pbin,1,10,20,2048,40,9932.8,1078.25,2048,0.010283,0.952924,32,1,0.000152788,1
./WORKING//matrices//dw256A.pbin,1,10,20,512,40,2457.6,241.628,512,0.0368694,2.08291,16,1,0.00130855,1
./WORKING//matrices//dw256B.pbin,1,10,20,512,40,2457.6,361.089,512,0.0550979,0.949489,272,1,0.00101691,1
./WORKING//matrices//dwt_1005.pbin,1,10,20,1005,40,7738.5,1005,1005,0.039801,7,851,1,0.00760094,1
./WORKING//matrices//dwt_1007.pbin,1,10,20,1007,40,8710.55,1007,1007,0.0397219,3,986,1,0.00852373,1
./WORKING//matrices//dwt_1242.pbin,1,10,20,1242,40,10370.7,1242,1242,0.0322061,5,289,1,0.00668105,1
./WORKING//matrices//dwt_162.pbin,1,10,20,162,38,1271.7,162,162,0.234568,5,156,1,0.0463174,1
./WORKING//matrices//dwt_193.pbin,1,10,20,193,37,3261.7,193,193,0.19171,13,60,1,0.0794959,1
./WORKING//matrices//dwt_198.pbin,1,10,20,198,38,1455.3,198,198,0.191919,6,34,1,0.0358445,1
./WORKING//matrices//dwt_209.pbin,1,10,20,209,40,1818.3,209,209,0.191388,6,178,1,0.0400304,1
./WORKING//matrices//dwt_221.pbin,1,10,20,221,39,1569.1,221,221,0.176471,8,168,1,0.0312032,1
./WORKING//matrices//dwt_234.pbin,1,10,20,234,39,842.4,234,234,0.166667,5,46,1,0.0151627,1
./WORKING//matrices//dwt_245.pbin,1,10,20,245,40,1825.25,245,245,0.163265,6,55,1,0.0293878,1
./WORKING//matrices//dwt_2680.pbin,1,10,20,2680,40,25594,2680,2680,0.0149254,8,1013,1,0.00355126,1
./WORKING//matrices//dwt_307.pbin,1,10,20,307,39,2502.05,307,307,0.127036,8,33,1,0.0259149,1
./WORKING//matrices//dwt_310.pbin,1,10,20,310,40,2526.5,310,310,0.129032,7,14,1,0.0256619,1
./WORKING//matrices//dwt_346.pbin,1,10,20,346,39,3148.6,346,346,0.112717,10,45,1,0.0255449,1
./WORKING//matrices//dwt_361.pbin,1,10,20,361,39,2996.3,361,361,0.108033,4,50,1,0.0225139,1
./WORKING//matrices//dwt_419.pbin,1,10,20,419,39,3645.3,419,419,0.0930788,8,323,1,0.0203686,1
./WORKING//matrices//dwt_492.pbin,1,10,20,492,38,3271.8,492,492,0.0772358,8,380,1,0.0133403,1
./WORKING//matrices//dwt_503.pbin,1,10,20,503,39,6312.65,503,503,0.0775348,4,326,1,0.0242968,1
./WORKING//matrices//dwt_512.pbin,1,10,20,512,40,3200,512,512,0.078125,4,58,1,0.0120519,1
./WORKING//matrices//dwt_592.pbin,1,10,20,592,39,5061.6,592,592,0.0658784,5,259,1,0.0142496,1
./WORKING//matrices//dwt_59.pbin,1,10,20,59,37,280.25,59,59,0.627119,5,19,1,0.0751607,1
./WORKING//matrices//dwt_607.pbin,1,10,20,607,39,5159.5,607,607,0.0642504,4,147,1,0.0138119,1
./WORKING//matrices//dwt_66.pbin,1,10,20,66,38,310.2,66,66,0.575758,5,44,1,0.0670163,1
./WORKING//matrices//dwt_72.pbin,1,10,20,72,38,223.2,72,72,0.527778,4,12,1,0.0416862,1
./WORKING//matrices//dwt_758.pbin,1,10,20,758,40,6101.9,758,758,0.0527704,9,56,1,0.0105174,1
./WORKING//matrices//dwt_869.pbin,1,10,20,869,40,7473.4,869,869,0.0460299,4,578,1,0.00980575,1
./WORKING//matrices//dwt_878.pbin,1,10,20,878,39,6892.3,878,878,0.0444191,5,472,1,0.00886766,1
./WORKING//matrices//dwt_87.pbin,1,10,20,87,38,522,87,87,0.436782,6,63,1,0.0644346,1
./WORKING//matrices//dwt_918.pbin,1,10,20,918,39,7573.5,918,918,0.0424837,7,839,1,0.00891161,1
./WORKING//matrices//dwt_992.pbin,1,10,20,992,40,16665.6,992,992,0.0403226,3,513,1,0.0166596,1
./WORKING//matrices//eris1176.pbin,1,10,20,1176,40,19874.4,1176,1176,0.0340136,9,719,1,0.0135437,1
./WORKING//matrices//ex10hs.pbin,1,10,20,2548,40,59113.6,4.98421e+09,2548,30708.4,2.18993e+07,116,1,2.50405e+09,1
./WORKING//matrices//ex10.pbin,1,10,20,2410,40,63744.5,4.08607e+09,2410,28140.5,1.9938e+07,113,1,4.92671e+09,1
./WORKING//matrices//ex12.pbin,1,10,20,3973,40,81645.1,101521,2781.1,0.36752,144.101,106,0,0.303836,1
./WORKING//matrices//ex13.pbin,1,10,20,2568,40,72802.8,8.26788e+11,2568,5.01492e+06,3.56043e+09,163,1,8.6791e+14,1
./WORKING//matrices//ex14.pbin,1,10,20,3251,40,59493.3,4.5462e+09,2519.53,22201,1.2695e+07,231,0,4.35579e+08,1
./WORKING//matrices//ex15.pbin,1,10,20,6867,40,110902,9.65896e+11,6867,819325,8.81762e+08,67,1,3.37746e+13,1
./WORKING//matrices//ex18.pbin,1,10,20,5773,40,69564.6,3.1226e+10,5773,37477.7,4.33182e+07,147,1,2.119e+10,0
./WORKING//matrices//ex1.pbin,1,10,20,216,39,3520.8,6.37371,199.385,0.00577181,0.122922,58,1,1.29536e-05,1
./WORKING//matrices//ex20.pbin,1,10,20,2203,40,64658.1,13.7877,1597.17,0.000156741,1.38539,117,0,3.17678e-08,0
./WORKING//matrices//ex21.pbin,1,10,20,656,40,19745.6,35.2193,590.4,0.00363739,0.329683,110,0,2.72101e-05,1
./WORKING//matrices//ex22.pbin,1,10,20,839,39,18374.1,863.863,645.385,0.0622198,6.56861,44,0,0.00689261,0
./WORKING//matrices//ex24.pbin,1,10,20,2283,40,51139.2,24172.1,1997.62,0.212009,43.5668,167,0,0.216435,1
./WORKING//matrices//ex25.pbin,1,10,20,848,40,27390.4,29.0171,614.8,0.0022263,0.493889,95,0,1.57547e-06,1
./WORKING//matrices//ex26.pbin,1,10,20,2163,40,77219.1,6168.62,1730.4,0.0659242,35.7107,197,0,0.0158062,0
./WORKING//matrices//ex27.pbin,1,10,20,974,40,45047.5,12.6889,779.2,0.00066877,0.127801,115,0,7.63483e-07,0
./WORKING//matrices//ex28.pbin,1,10,20,2603,40,70281,18438.3,2212.55,0.12806,36.2298,109,0,0.0616517,1
./WORKING//matrices//ex29.pbin,1,10,20,2870,39,23103.5,1019.79,2870,0.00482848,1,42,1,3.52262e-05,1
./WORKING//matrices//ex2.pbin,1,10,20,441,40,25930.8,8.35452e+09,441,1.71832e+06,6.80473e+08,117,1,4.53695e+13,1
./WORKING//matrices//ex31.pbin,1,10,20,3909,40,105738,1712.87,3811.28,0.00459883,1.85789,141,1,8.03723e-05,0
./WORKING//matrices//ex32.pbin,1,10,20,1159,40,11358.2,3413.44,985.15,0.119582,9.08889,52,0,0.01451,1
./WORKING//matrices//ex33.pbin,1,10,20,1733,40,21142.6,3.99824e+11,1733,5.32515e+06,1.66333e+09,134,1,7.46836e+14,1
./WORKING//matrices//ex37.pbin,1,10,20,3565,40,35293.5,21509.2,3565,0.0676963,55.7951,437,1,0.0701998,1
./WORKING//matrices//ex3.pbin,1,10,20,1821,40,49440.2,3.37043e+09,1821,40656.1,2.2716e+07,128,1,5.70246e+09,1
./WORKING//matrices//ex4.pbin,1,10,20,1601,40,32740.5,256.965,1120.7,0.00572865,1.03837,112,0,6.36239e-05,1
./WORKING//matrices//ex5.pbin,1,10,20,27,27,287.182,2.57779e+07,27,954735,7.11112e+06,20,6,1.28486e+11,1
./WORKING//matrices//ex6.pbin,1,10,20,1651,40,62572.9,30448.8,1403.35,0.525674,89.6118,86,0,0.328749,1
./WORKING//matrices//ex8.pbin,1,10,20,3096,40,79412.4,7.87216e+09,3096,32851.3,2.07969e+07,124,1,4.38674e+10,0
./WORKING//matrices//ex9.pbin,1,10,20,3363,40,88110.6,9.06005e+11,3363,3.20433e+06,3.85152e+09,85,1,1.2767e+14,1
./WORKING//matrices//fd12.pbin,1,10,20,7500,40,26250,0,0,-nan,0,3537,0,11.3005,1
./WORKING//matrices//fpga_dcop_01.pbin,1,10,20,1220,40,6161,260.637,915,0.00933932,0.727273,854,0,8.13568e-05,0
./WORKING//matrices//fpga_dcop_02.pbin,1,10,20,1220,40,6161,260.68,915,0.00934085,0.727273,854,0,8.13777e-05,1
./WORKING//matrices//fpga_dcop_03.pbin,1,10,20,1220,40,6161,260.984,915,0.00935177,0.727273,854,0,8.1531e-05,0
./WORKING//matrices//fpga_dcop_04.pbin,1,10,20,1220,40,5856,378.72,915,0.0135705,4.04817,854,0,0.00136541,1
./WORKING//matrices//fpga_dcop_05.pbin,1,10,20,1220,40,6100,282.498,915,0.0101227,0.888926,854,0,0.000133069,1
./WORKING//matrices//fpga_dcop_06.pbin,1,10,20,1220,40,6100,278.738,915,0.00998792,0.727273,854,0,0.000113129,0
./WORKING//matrices//fpga_dcop_07.pbin,1,10,20,1220,40,6161,290.742,915,0.0104181,0.747814,854,0,0.000129583,0
./WORKING//matrices//fpga_dcop_08.pbin,1,10,20,1220,40,6161,265.65,915,0.00951895,0.727273,854,0,8.54165e-05,1
./WORKING//matrices//fpga_dcop_09.pbin,1,10,20,1220,40,6161,262.156,915,0.00939374,0.727273,854,0,8.22313e-05,1
./WORKING//matrices//fpga_dcop_10.pbin,1,10,20,1220,40,6100,261.077,915,0.0093551,0.727273,854,0,8.1581e-05,1
./WORKING//matrices//fpga_dcop_11.pbin,1,10,20,1220,40,6161,260.729,915,0.0093426,0.727273,854,0,8.14019e-05,1
./WORKING//matrices//fpga_dcop_12.pbin,1,10,20,1220,40,6039,260.728,915,0.0093426,0.727273,854,0,8.14018e-05,1
./WORKING//matrices//fpga_dcop_13.pbin,1,10,20,1220,40,6039,261.064,915,0.00935461,0.727273,854,0,8.15757e-05,1
./WORKING//matrices//fpga_dcop_14.pbin,1,10,20,1220,40,6161,260.757,915,0.00934361,0.727273,854,0,8.14158e-05,1
./WORKING//matrices//fpga_dcop_15.pbin,1,10,20,1220,40,6161,260.723,915,0.00934239,0.727273,854,0,8.1399e-05,1
./WORKING//matrices//fpga_dcop_16.pbin,1,10,20,1220,40,6161,260.709,915,0.00934191,0.727273,854,0,8.13925e-05,1
./WORKING//matrices//fpga_dcop_17.pbin,1,10,20,1220,40,6161,260.725,915,0.00934247,0.727273,854,0,8.14001e-05,1
./WORKING//matrices//fpga_dcop_18.pbin,1,10,20,1220,40,6161,260.724,915,0.00934244,0.727273,854,0,8.13998e-05,1
./WORKING//matrices//fpga_dcop_19.pbin,1,10,20,1220,40,6161,260.724,915,0.00934243,0.727273,854,0,8.13995e-05,1
./WORKING//matrices//fpga_dcop_20.pbin,1,10,20,1220,40,6161,260.724,915,0.00934242,0.727273,854,0,8.13995e-05,1
./WORKING//matrices//fpga_dcop_21.pbin,1,10,20,1220,40,6161,260.724,915,0.00934242,0.727273,854,0,8.13994e-05,1
./WORKING//matrices//fpga_dcop_22.pbin,1,10,20,1220,40,6161,260.73,915,0.00934263,0.727273,854,0,8.14023e-05,1
./WORKING//matrices//fpga_dcop_23.pbin,1,10,20,1220,40,6161,260.717,915,0.00934217,0.727273,854,0,8.1396e-05,1
./WORKING//matrices//fpga_dcop_24.pbin,1,10,20,1220,40,6161,260.704,915,0.00934173,0.727273,854,0,8.139e-05,1
./WORKING//matrices//fpga_dcop_25.pbin,1,10,20,1220,40,6161,260.704,915,0.00934173,0.727273,854,0,8.139e-05,1
./WORKING//matrices//fpga_dcop_26.pbin,1,10,20,1220,40,6161,260.704,915,0.00934173,0.727273,854,0,8.139e-05,1
./WORKING//matrices//fpga_dcop_27.pbin,1,10,20,1220,40,6161,260.704,915,0.00934173,0.727273,854,0,8.139e-05,1
./WORKING//matrices//fpga_dcop_28.pbin,1,10,20,1220,40,6161,260.704,915,0.00934173,0.727273,854,0,8.139e-05,1
./WORKING//matrices//fpga_dcop_29.pbin,1,10,20,1220,40,6161,260.704,915,0.00934173,0.727273,854,0,8.139e-05,1
./WORKING//matrices//fpga_dcop_30.pbin,1,10,20,1220,40,6161,260.704,915,0.00934173,0.727273,854,0,8.139e-05,1
./WORKING//matrices//fpga_dcop_31.pbin,1,10,20,1220,40,6161,260.719,915,0.00934224,0.727273,854,0,8.13969e-05,1
./WORKING//matrices//fpga_dcop_32.pbin,1,10,20,1220,40,6161,260.715,915,0.00934211,0.727273,854,0,8.13952e-05,1
./WORKING//matrices//fpga_dcop_33.pbin,1,10,20,1220,40,6161,260.709,915,0.0093419,0.727273,854,0,8.13923e-05,1
./WORKING//matrices//fpga_dcop_34.pbin,1,10,20,1220,40,6161,260.706,915,0.0093418,0.727273,854,0,8.13909e-05,1
./WORKING//matrices//fpga_dcop_35.pbin,1,10,20,1220,40,6161,260.705,915,0.00934176,0.727273,854,0,8.13903e-05,1
./WORKING//matrices//fpga_dcop_36.pbin,1,10,20,1220,40,6161,260.705,915,0.00934174,0.727273,854,0,8.13901e-05,1
./WORKING//matrices//fpga_dcop_37.pbin,1,10,20,1220,40,5795,321.711,915,0.0115278,1.09091,832,0,0.000214581,0
./WORKING//matrices//fpga_dcop_38.pbin,1,10,20,1220,40,5795,321.711,915,0.0115278,1.09091,832,0,0.000214581,0
./WORKING//matrices//fpga_dcop_39.pbin,1,10,20,1220,40,5795,321.711,915,0.0115278,1.09091,832,0,0.000214581,0
./WORKING//matrices//fpga_dcop_40.pbin,1,10,20,1220,40,5795,321.711,915,0.0115278,1.09091,832,0,0.000214581,0
./WORKING//matrices//fpga_dcop_41.pbin,1,10,20,1220,40,5795,321.711,915,0.0115278,1.09091,832,0,0.000214581,0
./WORKING//matrices//fpga_dcop_42.pbin,1,10,20,1220,40,5795,321.711,915,0.0115278,1.09091,832,0,0.000214581,0
./WORKING//matrices//fpga_dcop_43.pbin,1,10,20,1220,40,5795,321.711,915,0.0115278,1.09091,832,0,0.000214581,0
./WORKING//matrices//fpga_dcop_44.pbin,1,10,20,1220,40,5795,321.711,915,0.0115278,1.09091,832,0,0.000214581,0
./WORKING//matrices//fpga_dcop_45.pbin,1,10,20,1220,40,5795,321.711,915,0.0115278,1.09091,832,0,0.000214581,0
./WORKING//matrices//fpga_dcop_46.pbin,1,10,20,1220,40,5795,321.711,915,0.0115278,1.09091,832,0,0.000214581,0
./WORKING//matrices//fpga_dcop_47.pbin,1,10,20,1220,40,5795,321.711,915,0.0115278,1.09091,832,0,0.000214581,0
./WORKING//matrices//fpga_dcop_48.pbin,1,10,20,1220,40,5795,321.711,915,0.0115278,1.09091,832,0,0.000214581,0
./WORKING//matrices//fpga_dcop_49.pbin,1,10,20,1220,40,5795,321.711,915,0.0115278,1.09091,832,0,0.000214581,0
./WORKING//matrices//fpga_dcop_50.pbin,1,10,20,1220,40,5795,321.711,915,0.0115278,1.09091,832,0,0.000214581,0
./WORKING//matrices//fpga_dcop_51.pbin,1,10,20,1220,40,5795,321.711,915,0.0115278,1.09091,832,0,0.000214581,0
./WORKING//matrices//fpga_trans_01.pbin,1,10,20,1220,40,7198,324.874,915,0.0116411,1.1,1085,0,0.000217027,1
./WORKING//matrices//fs_541_1.pbin,1,10,20,541,40,3868.15,553.547,541,0.0756519,32.3102,378,1,0.00207132,0
./WORKING//matrices//fs_541_4.pbin,1,10,20,541,40,3868.15,523279,541,71.5153,798717,378,1,85608,0
./WORKING//matrices//fs_760_1.pbin,1,10,20,760,39,6840,3.82557e+09,760,258305,1.59956e+08,740,1,3.50702e+12,0
./WORKING//matrices//fs_760_2.pbin,1,10,20,760,39,6840,3.74644e+09,760,252963,1.59852e+08,740,1,3.50436e+12,0
./WORKING//matrices//fs_760_3.pbin,1,10,20,760,39,7030,3.74644e+09,760,252963,1.59852e+08,740,1,3.50436e+12,0
./WORKING//matrices//fv1.pbin,1,10,20,9604,40,86436,33711.5,9604,0.0146195,4.51015,99,1,0.00141322,1
./WORKING//matrices//fv2.pbin,1,10,20,9801,40,86738.9,34402,9801,0.0143253,4.51005,100,1,0.00138282,1
./WORKING//matrices//fv3.pbin,1,10,20,9801,40,86738.9,29403,9801,0.0122436,4,100,1,0.001044,1
./WORKING//matrices//G10.pbin,1,10,20,800,40,40080,0,0,-nan,7,792,0,0.0626638,1
./WORKING//matrices//G11.pbin,1,10,20,800,40,3200,0,0,-nan,4,792,0,0.00500125,1
./WORKING//matrices//G12.pbin,1,10,20,800,40,3200,0,0,-nan,3,784,0,0.00500094,1
./WORKING//matrices//G13.pbin,1,10,20,800,40,3200,0,0,-nan,2,768,0,0.00499937,1
./WORKING//matrices//G14.pbin,1,10,20,800,40,7000,0,0,-nan,12,793,0,0.0108148,1
./WORKING//matrices//G15.pbin,1,10,20,800,40,7720,0,0,-nan,15,798,0,0.0119042,1
./WORKING//matrices//G16.pbin,1,10,20,800,40,6640,0,0,-nan,12,792,0,0.0102691,1
./WORKING//matrices//G17.pbin,1,10,20,800,40,7640,0,0,-nan,12,793,0,0.0117786,1
./WORKING//matrices//G18.pbin,1,10,20,800,40,7000,0,0,-nan,12,793,0,0.0109397,1
./WORKING//matrices//G19.pbin,1,10,20,800,40,7720,0,0,-nan,15,798,0,0.0120553,1
./WORKING//matrices//G1.pbin,1,10,20,800,40,38760,0,0,-nan,5,798,0,0.0569092,1
./WORKING//matrices//G20.pbin,1,10,20,800,40,6640,0,0,-nan,12,792,0,0.0103714,1
./WORKING//matrices//G21.pbin,1,10,20,800,40,7640,0,0,-nan,12,793,0,0.011935,1
./WORKING//matrices//G22.pbin,1,10,20,2000,40,36500,0,0,-nan,2,1986,0,0.00904268,1
./WORKING//matrices//G23.pbin,1,10,20,2000,40,41900,0,0,-nan,2,1984,0,0.0103658,1
./WORKING//matrices//G24.pbin,1,10,20,2000,40,39700,0,0,-nan,1,1961,0,0.0098227,1
./WORKING//matrices//G25.pbin,1,10,20,2000,40,41200,0,0,-nan,1,1976,0,0.0101936,1
./WORKING//matrices//G26.pbin,1,10,20,2000,40,41400,0,0,-nan,2,1991,0,0.0102448,1
./WORKING//matrices//G27.pbin,1,10,20,2000,40,38800,0,0,-nan,1,1986,0,0.00969635,1
./WORKING//matrices//G28.pbin,1,10,20,2000,40,40200,0,0,-nan,3,1985,0,0.0100489,1
./WORKING//matrices//G29.pbin,1,10,20,2000,40,39600,0,0,-nan,2,1961,0,0.00990155,1
./WORKING//matrices//G2.pbin,1,10,20,800,39,38560,0,0,-nan,5,798,0,0.0566355,1
./WORKING//matrices//G30.pbin,1,10,20,2000,40,41000,0,0,-nan,3,1976,0,0.0102504,1
./WORKING//matrices//G31.pbin,1,10,20,2000,40,34000,0,0,-nan,2,1991,0,0.0084991,1
./WORKING//matrices//G32.pbin,1,10,20,2000,40,8000,0,0,-nan,2,1980,0,0.00199995,1
./WORKING//matrices//G33.pbin,1,10,20,2000,40,8000,0,0,-nan,2,1975,0,0.00199985,1
./WORKING//matrices//G34.pbin,1,10,20,2000,40,8000,0,0,-nan,3,1960,0,0.00200005,1
./WORKING//matrices//G35.pbin,1,10,20,2000,40,21700,0,0,-nan,13,1996,0,0.00538633,1
./WORKING//matrices//G36.pbin,1,10,20,2000,40,20500,0,0,-nan,12,1997,0,0.00509696,1
./WORKING//matrices//G37.pbin,1,10,20,2000,40,23900,0,0,-nan,12,1991,0,0.005928,1
./WORKING//matrices//G38.pbin,1,10,20,2000,40,27400,0,0,-nan,13,1997,0,0.0067596,1
./WORKING//matrices//G39.pbin,1,10,20,2000,40,21700,0,0,-nan,13,1996,0,0.00542425,1
./WORKING//matrices//G3.pbin,1,10,20,800,39,36880,0,0,-nan,6,793,0,0.0543074,1
./WORKING//matrices//G40.pbin,1,10,20,2000,40,20500,0,0,-nan,12,1997,0,0.00512638,1
./WORKING//matrices//G41.pbin,1,10,20,2000,40,23900,0,0,-nan,12,1991,0,0.00597503,1
./WORKING//matrices//G42.pbin,1,10,20,2000,40,27400,0,0,-nan,13,1997,0,0.0068507,1
./WORKING//matrices//G43.pbin,1,10,20,1000,40,19900,0,0,-nan,3,991,0,0.0195051,1
./WORKING//matrices//G44.pbin,1,10,20,1000,40,21150,0,0,-nan,4,986,0,0.0207096,1
./WORKING//matrices//G45.pbin,1,10,20,1000,40,19650,0,0,-nan,3,997,0,0.019267,1
./WORKING//matrices//G46.pbin,1,10,20,1000,40,20250,0,0,-nan,2,986,0,0.0198249,1
./WORKING//matrices//G47.pbin,1,10,20,1000,40,20250,0,0,-nan,3,992,0,0.0198415,1
./WORKING//matrices//G48.pbin,1,10,20,3000,40,12000,0,0,-nan,2,2940,0,0.001332,1
./WORKING//matrices//G49.pbin,1,10,20,3000,40,12000,0,0,-nan,2,2900,0,0.001332,1
./WORKING//matrices//G4.pbin,1,10,20,800,39,40040,0,0,-nan,4,796,0,0.0586623,1
./WORKING//matrices//G50.pbin,1,10,20,3000,40,12000,0,0,-nan,2,2880,0,0.001332,1
./WORKING//matrices//G51.pbin,1,10,20,1000,40,14050,0,0,-nan,16,998,0,0.0137906,1
./WORKING//matrices//G52.pbin,1,10,20,1000,40,16150,0,0,-nan,16,991,0,0.0157263,1
./WORKING//matrices//G53.pbin,1,10,20,1000,40,17100,0,0,-nan,15,996,0,0.0166367,1
./WORKING//matrices//G54.pbin,1,10,20,1000,40,15000,0,0,-nan,15,992,0,0.0147034,1
./WORKING//matrices//G55.pbin,1,10,20,5000,40,26500,0,0,-nan,1,4990,0,0.00105888,1
./WORKING//matrices//G56.pbin,1,10,20,5000,40,26500,0,0,-nan,1,4990,0,0.00105997,1
./WORKING//matrices//G57.pbin,1,10,20,5000,40,20000,0,0,-nan,3,4950,0,0.00079996,1
./WORKING//matrices//G58.pbin,1,10,20,5000,40,61750,0,0,-nan,13,4995,0,0.00245704,1
./WORKING//matrices//G59.pbin,1,10,20,5000,40,61750,0,0,-nan,13,4995,0,0.0024699,1
./WORKING//matrices//G5.pbin,1,10,20,800,39,38240,0,0,-nan,4,792,0,0.0561873,1
./WORKING//matrices//G60.pbin,1,10,20,7000,40,37800,0,0,-nan,0,6910,0,0.000770796,1
./WORKING//matrices//G61.pbin,1,10,20,7000,40,37800,0,0,-nan,0,6910,0,0.000771449,1
./WORKING//matrices//G62.pbin,1,10,20,7000,40,28000,0,0,-nan,2,6930,0,0.000571416,1
./WORKING//matrices//G63.pbin,1,10,20,7000,40,80850,0,0,-nan,11,6993,0,0.00164423,1
./WORKING//matrices//G64.pbin,1,10,20,7000,40,80850,0,0,-nan,11,6993,0,0.0016499,1
./WORKING//matrices//G65.pbin,1,10,20,8000,40,32000,0,0,-nan,2,7920,0,0.0005,1
./WORKING//matrices//G66.pbin,1,10,20,9000,40,36000,0,0,-nan,2,8900,0,0.000444437,1
./WORKING//matrices//G67.pbin,1,10,20,10000,40,40000,0,0,-nan,2,9900,0,0.000399996,1
./WORKING//matrices//G6.pbin,1,10,20,800,40,38080,0,0,-nan,7,798,0,0.0594933,1
./WORKING//matrices//g7jac010.pbin,1,10,20,2880,40,29232,2.06044e+08,2880,993.652,1.52937e+06,2867,1,1.9738e+08,0
./WORKING//matrices//g7jac010sc.pbin,1,10,20,2880,40,29232,5340.82,2880,0.0257563,5005.14,2867,1,0.503526,0
./WORKING//matrices//g7jac020.pbin,1,10,20,5850,40,46215,2.84374e+08,5850,332.383,1.18376e+06,5837,1,3.00571e+07,0
./WORKING//matrices//g7jac020sc.pbin,1,10,20,5850,40,46215,14522.2,5850,0.0169739,5010.53,5837,1,0.0219663,0
./WORKING//matrices//g7jac040.pbin,1,10,20,11790,40,130280,8359.28,11495.2,0.00246716,90278.1,11751,0,1.51907e+08,0
./WORKING//matrices//g7jac040sc.pbin,1,10,20,11790,40,130280,36812.3,11495.2,0.0108648,20045.1,11751,0,0.0370547,0
./WORKING//matrices//G7.pbin,1,10,20,800,40,38680,0,0,-nan,7,798,0,0.060427,1
./WORKING//matrices//G8.pbin,1,10,20,800,40,40600,0,0,-nan,7,793,0,0.0634347,1
./WORKING//matrices//G9.pbin,1,10,20,800,40,36720,0,0,-nan,6,796,0,0.0573997,1
./WORKING//matrices//gemat11.pbin,1,10,20,4929,40,30313.3,870.353,369.675,0.0191063,11.7185,4749,0,0.00654565,0
./WORKING//matrices//gemat12.pbin,1,10,20,4929,40,30806.2,870.353,369.675,0.0191063,11.7185,4749,0,0.00736842,0
./WORKING//matrices//gent113.pbin,1,10,20,113,38,791,98.1316,98.1316,0.336283,10,101,1,0.0561157,0
./WORKING//matrices//gr_30_30.pbin,1,10,20,900,39,7560,7200,900,0.346667,10,31,1,0.0794194,1
./WORKING//matrices//gre_1107.pbin,1,10,20,1107,40,5922.45,296.859,1107,0.00968979,1.00001,165,1,0.000243816,0
./WORKING//matrices//gre_115.pbin,1,10,20,115,37,385.25,64.9249,115,0.181643,1.06349,38,1,0.00446434,0
./WORKING//matrices//gre_185.pbin,1,10,20,185,39,989.75,75.9574,161.282,0.0992835,1.48055,31,0,0.00176873,0
./WORKING//matrices//gre_216a.pbin,1,10,20,216,39,831.6,70.6154,177.231,0.0719401,1,13,0,0.00122847,0
./WORKING//matrices//gre_216b.pbin,1,10,20,216,39,831.6,34.6836,177.231,0.0353343,1.96122,13,0,0.00436866,0
./WORKING//matrices//gre_343.pbin,1,10,20,343,39,1337.7,107.737,281.436,0.0435268,1,18,0,0.000759019,0
./WORKING//matrices//gre_512.pbin,1,10,20,512,40,1971.2,169.6,435.2,0.0304458,1,23,0,0.000522107,0
./WORKING//matrices//Hamrle1.pbin,1,10,20,32,31,80,4.1847,5.16129,0.785448,315.748,24,1,0.0499799,0
./WORKING//matrices//Harvard500.pbin,1,10,20,500,39,2525,51.2821,51.2821,0.078,18,300,0,0.00987836,0
./WORKING//matrices//hor_131.pbin,1,10,20,434,38,4057.9,19.4308,434,0.00392008,0.730043,241,1,2.80751e-05,0
./WORKING//matrices//hydr1.pbin,1,10,20,5308,40,24151.4,0,0,-nan,8080,3752,0,1.43471e+07,0
./WORKING//matrices//ibm32.pbin,1,10,20,32,31,123.2,32,32,0.96875,8,26,2,0.107308,0
./WORKING//matrices//impcol_a.pbin,1,10,20,207,36,558.9,26.3871,28.75,0.15962,681,150,0,44.6278,0
./WORKING//matrices//impcol_b.pbin,1,10,20,59,36,342.2,24.0158,24.5833,0.596082,8.99441,43,0,0.0940288,0
./WORKING//matrices//impcol_c.pbin,1,10,20,137,40,369.9,428.125,58.225,2.14684,11,91,0,0.379032,0
./WORKING//matrices//impcol_d.pbin,1,10,20,425,40,1190,31.875,42.5,0.0705882,11.5,406,0,0.133097,0
./WORKING//matrices//init_adder1.pbin,1,10,20,1813,40,9699.55,1.75254,1767.67,2.1874e-05,1.03597,1477,1,1.33943e-11,0
./WORKING//matrices//jagmesh1.pbin,1,10,20,936,40,6224.4,936,936,0.042735,7,718,1,0.00706094,1
./WORKING//matrices//jagmesh2.pbin,1,10,20,1009,40,6962.1,1009,1009,0.0396432,7,974,1,0.00679824,1
./WORKING//matrices//jagmesh3.pbin,1,10,20,1089,40,7187.4,1089,1089,0.0367309,7,330,1,0.00602887,1
./WORKING//matrices//jagmesh4.pbin,1,10,20,1440,40,9504,1440,1440,0.0277778,7,1395,1,0.00456519,1
./WORKING//matrices//jagmesh5.pbin,1,10,20,1180,40,7906,1180,1180,0.0338983,7,74,1,0.00565015,1
./WORKING//matrices//jagmesh6.pbin,1,10,20,1377,40,8950.5,1377,1377,0.0290487,7,79,1,0.00470114,1
./WORKING//matrices//jagmesh7.pbin,1,10,20,1138,40,7397,1138,1138,0.0351494,7,891,1,0.00568357,1
./WORKING//matrices//jagmesh8.pbin,1,10,20,1141,40,7587.65,1141,1141,0.035057,7,224,1,0.00579893,1
./WORKING//matrices//jagmesh9.pbin,1,10,20,1349,40,9173.2,1349,1349,0.0296516,7,1024,1,0.00501888,1
./WORKING//matrices//jan99jac020.pbin,1,10,20,6774,40,29466.9,7233.92,6774,0.00630585,4,647,1,74335.2,0
./WORKING//matrices//jan99jac020sc.pbin,1,10,20,6774,40,29466.9,11684.9,6774,0.0101858,8,647,1,0.0021884,0
./WORKING//matrices//jan99jac040.pbin,1,10,20,13694,40,89011,13273.5,13694,0.0028313,2.24543,1558,1,255260,0
./WORKING//matrices//jan99jac040sc.pbin,1,10,20,13694,40,89011,26410.9,13694,0.00563356,16.125,1558,1,0.0043234,0
./WORKING//matrices//jan99jac060.pbin,1,10,20,20614,40,123684,19850.1,20614,0.00186852,2.24543,1818,1,24426.8,0
./WORKING//matrices//jan99jac060sc.pbin,1,10,20,20614,40,123684,36725.4,20614,0.00345702,16,1818,1,0.00242658,0
./WORKING//matrices//jgl009.pbin,1,10,20,9,9,51.75,8,8,1,9,8,3,0.256944,0
./WORKING//matrices//jgl011.pbin,1,10,20,11,11,66,10,10,1,11,10,4,0.224242,0
./WORKING//matrices//jpwh_991.pbin,1,10,20,991,40,5846.9,2973,991,0.12109,10,163,1,0.0359586,0
./WORKING//matrices//lap_25.pbin,1,10,20,25,25,178.75,25,25,1,9,6,4,0.2075,1
./WORKING//matrices//lhr01.pbin,1,10,20,1477,40,25330.5,369.25,369.25,0.0270819,1,1117,0,0.0020236,0
./WORKING//matrices//lhr04c.pbin,1,10,20,4101,40,82635.1,1026.28,1025.25,0.00976347,1.001,1538,0,0.000718475,0
./WORKING//matrices//lhr04.pbin,1,10,20,4101,40,82635.1,1025.25,1025.25,0.00975372,1,1538,0,0.00071817,0
./WORKING//matrices//lns_131.pbin,1,10,20,131,37,510.9,47.831,88.5135,0.152627,5.6102e+09,111,0,1.57129e+16,0
./WORKING//matrices//lns_3937.pbin,1,10,20,3937,40,21850.3,86729.8,2460.62,0.358111,2.98912e+10,3202,0,1.63164e+17,1
./WORKING//matrices//lns_511.pbin,1,10,20,511,40,2784.95,163744,344.925,37.1603,12873.7,421,0,6.75566e+16,0
./WORKING//matrices//lnsp_131.pbin,1,10,20,131,37,530.55,62.027,109.757,0.159617,2.26882e+09,32,0,1.95495e+16,0
./WORKING//matrices//lnsp3937.pbin,1,10,20,3937,40,30511.8,27340.3,3641.72,0.0762764,370793,87,0,1.0632e+17,0
./WORKING//matrices//lnsp_511.pbin,1,10,20,511,40,2529.45,255.734,447.125,0.0447713,5.45142e+09,57,0,1.614e+14,0
./WORKING//matrices//lock1074.pbin,1,10,20,1074,40,51552,751.8,751.8,0.0372439,6,593,0,0.042682,1
./WORKING//matrices//lock2232.pbin,1,10,20,2232,40,77673.6,1618.2,1618.2,0.0179211,6,124,0,0.0153237,1
./WORKING//matrices//lock3491.pbin,1,10,20,3491,40,147495,3403.72,3403.72,0.011458,11,346,0,0.0119451,1
./WORKING//matrices//lock_700.pbin,1,10,20,700,39,20965,700,700,0.0557143,10,681,1,0.0407802,1
./WORKING//matrices//lop163.pbin,1,10,20,163,39,994.3,80.4253,163,0.118054,1,36,1,0.0027253,0
./WORKING//matrices//lshp1009.pbin,1,10,20,1009,40,6659.4,1009,1009,0.0396432,7,974,1,0.00650416,1
./WORKING//matrices//lshp1270.pbin,1,10,20,1270,40,8636,1270,1270,0.0314961,7,1226,1,0.00532964,1
./WORKING//matrices//lshp1561.pbin,1,10,20,1561,40,10770.9,1561,1561,0.0256246,7,1511,1,0.00440345,1
./WORKING//matrices//lshp1882.pbin,1,10,20,1882,40,12609.4,1882,1882,0.021254,7,1817,1,0.00354911,1
./WORKING//matrices//lshp2233.pbin,1,10,20,2233,40,15184.4,2233,2233,0.0179131,7,2155,1,0.00303725,1
./WORKING//matrices//lshp2614.pbin,1,10,20,2614,40,18036.6,2614,2614,0.0153022,7,2521,1,0.00263364,1
./WORKING//matrices//lshp_265.pbin,1,10,20,265,38,1709.25,265,265,0.143396,6,256,1,0.0238265,1
./WORKING//matrices//lshp3025.pbin,1,10,20,3025,40,21175,3025,3025,0.0132231,7,2915,1,0.00230946,1
./WORKING//matrices//lshp3466.pbin,1,10,20,3466,40,23222.2,3466,3466,0.0115407,7,3337,1,0.00192984,1
./WORKING//matrices//lshp_406.pbin,1,10,20,406,39,2618.7,406,406,0.0960591,7,392,1,0.0156672,1
./WORKING//matrices//lshp_577.pbin,1,10,20,577,40,3923.6,577,577,0.0693241,7,557,1,0.0116653,1
./WORKING//matrices//lshp_778.pbin,1,10,20,778,40,5368.2,778,778,0.0514139,7,751,1,0.00880124,1
./WORKING//matrices//lund_a.pbin,1,10,20,147,39,2499,1.26161e+10,147,2.27695e+07,2.00716e+08,23,1,1.20925e+14,1
./WORKING//matrices//lund_b.pbin,1,10,20,147,39,2484.3,226356,147,408.528,6173.47,23,1,56516.2,1
./WORKING//matrices//lung1.pbin,1,10,20,1650,40,6765,24987.9,1650,0.367131,595.595,162,1,8.3315,0
./WORKING//matrices//m3plates.pbin,1,10,20,11107,40,7774.9,385.053,7219.55,0.000192076,0.0912659,0,0,2.76972e-07,1
./WORKING//matrices//mahindas.pbin,1,10,20,1258,40,3019.2,314.5,314.5,0.0317965,1.04144,1241,0,0.00152485,0
./WORKING//matrices//man_5976.pbin,1,10,20,5976,40,225295,5976,5976,0.00669344,10,431,1,0.0062677,1
./WORKING//matrices//mark3jac020.pbin,1,10,20,9129,40,39711.2,7919.76,8900.77,0.00389871,4788.21,1349,0,429.854,0
./WORKING//matrices//mark3jac020sc.pbin,1,10,20,9129,40,39711.2,1.49857e+07,8900.77,7.37711,65536,1349,0,0.00469199,0
./WORKING//matrices//mark3jac040.pbin,1,10,20,18289,40,97846.1,14422,17831.8,0.0017689,7398.76,1349,0,16971.2,0
./WORKING//matrices//mark3jac040sc.pbin,1,10,20,18289,40,97846.1,3.00278e+07,17831.8,3.68297,65536,1349,0,0.00125188,0
./WORKING//matrices//mbeacxc.pbin,1,10,20,496,38,42184.8,13.0323,326.316,0.00305973,0.87999,490,0,9.18507e-05,0
./WORKING//matrices//mbeaflw.pbin,1,10,20,496,38,42184.8,155155,326.316,36.4276,11379.9,490,0,429.981,0
./WORKING//matrices//mbeause.pbin,1,10,20,496,38,35414.4,160393,313.263,39.2264,11626.9,490,0,929.666,0
./WORKING//matrices//mcca.pbin,1,10,20,180,40,2430,1.47276e+20,180,1.81823e+17,3.09988e+19,37,1,4.54163e+32,0
./WORKING//matrices//meg1.pbin,1,10,20,2904,40,62871.6,0,0,-nan,5242.33,2827,0,1464.71,0
./WORKING//matrices//meg4.pbin,1,10,20,5860,40,24026,2.26739e+07,4395,35.2151,20777.4,4821,0,1377.64,1
./WORKING//matrices//memplus.pbin,1,10,20,17758,40,69256.2,1066.12,17758,0.000135232,0.353202,17751,1,1.76314e-08,1
./WORKING//matrices//mesh1e1.pbin,1,10,20,48,35,309.6,215.999,48,3.28124,10.9369,47,3,0.527328,1
./WORKING//matrices//mesh1em1.pbin,1,10,20,48,35,309.6,416.496,48,6.32698,29.1939,47,3,3.23733,1
./WORKING//matrices//mesh1em6.pbin,1,10,20,48,35,309.6,155.969,48,2.36931,8.04268,47,3,0.273809,1
./WORKING//matrices//mesh2e1.pbin,1,10,20,306,40,1958.4,8555.91,306,3.65497,163.774,242,1,15.2465,1
./WORKING//matrices//mesh2em5.pbin,1,10,20,306,40,1958.4,4534.44,306,1.93705,138.122,242,1,8.03351,1
./WORKING//matrices//mesh3e1.pbin,1,10,20,289,37,1387.2,1218.49,289,0.539792,8,281,1,0.0870086,1
./WORKING//matrices//mesh3em5.pbin,1,10,20,289,37,1387.2,753.744,289,0.33391,4,281,1,0.0335923,1
./WORKING//matrices//mhda416.pbin,1,10,20,416,40,8195.2,52.2178,187.2,0.0268213,37.72,28,0,2.17606,0
./WORKING//matrices//mhdb416.pbin,1,10,20,416,40,2350.4,113.907,416,0.0263284,1.83334,18,1,2.12048e-05,1
./WORKING//matrices//msc00726.pbin,1,10,20,726,40,33867.9,1.95978e+11,726,1.48729e+07,1.74512e+09,188,1,7.18038e+14,1
./WORKING//matrices//msc01050.pbin,1,10,20,1050,40,25987.5,6.44965e+08,1050,23400.1,1.2001e+07,772,1,1.13587e+08,1
./WORKING//matrices//msc01440.pbin,1,10,20,1440,40,47736,2.57972e+08,1440,4976.31,563667,1391,1,7.87787e+07,1
./WORKING//matrices//msc04515.pbin,1,10,20,4515,40,95718,2.8553e+12,4515,5.60268e+06,8.50583e+09,162,1,1.6204e+15,1
./WORKING//matrices//mult_dcop_01.pbin,1,10,20,25187,40,127194,1.03899,18260.6,9.03611e-08,8.33765e-05,24628,0,1.98515e-06,1
./WORKING//matrices//nasa1824.pbin,1,10,20,1824,40,36844.8,7.13283e+08,1824,8575.75,2.14717e+06,173,1,5.88589e+08,1
./WORKING//matrices//nasa2146.pbin,1,10,20,2146,39,70603.4,1.30186e+10,2146,110248,1.97431e+07,81,1,4.95611e+10,1
./WORKING//matrices//nasa2910.pbin,1,10,20,2910,40,160050,4.23111e+09,2910,19986.1,7.3842e+06,828,1,5.34143e+09,1
./WORKING//matrices//nasa4704.pbin,1,10,20,4704,40,101606,4.15082e+09,4704,7503.43,1.64023e+07,414,1,5.74775e+09,1
./WORKING//matrices//nnc1374.pbin,1,10,20,1374,40,9205.8,0.00073254,927.45,2.2994e-08,432.538,135,0,46.0936,0
./WORKING//matrices//nnc261.pbin,1,10,20,261,39,1813.95,0.026931,133.846,3.00657e-05,446.269,47,0,527.114,0
./WORKING//matrices//nnc666.pbin,1,10,20,666,39,4129.2,0.00351785,392.769,5.24481e-07,432.538,100,0,129.789,0
./WORKING//matrices//nopoly.pbin,1,10,20,10774,40,72185.8,112050,10774,0.0386115,18,9372,1,0.0139237,1
./WORKING//matrices//nos1.pbin,1,10,20,237,39,971.7,6.7766e+10,237,4.70522e+07,2.5344e+09,4,1,1.44652e+15,1
./WORKING//matrices//nos2.pbin,1,10,20,957,40,3923.7,1.69433e+13,957,7.40003e+08,1.58515e+11,4,1,1.45605e+18,1
./WORKING//matrices//nos3.pbin,1,10,20,960,39,15984,175432,960,7.42387,480.175,43,1,73.4089,1
./WORKING//matrices//nos4.pbin,1,10,20,100,35,590,32.0612,100,0.112214,0.817889,13,1,0.00192725,1
./WORKING//matrices//nos5.pbin,1,10,20,468,40,5592.6,9.30643e+07,468,16996.2,448860,150,1,1.42022e+08,1
./WORKING//matrices//nos6.pbin,1,10,20,675,40,3172.5,1.18127e+08,675,10370.6,4e+06,30,1,2.37389e+09,1
./WORKING//matrices//nos7.pbin,1,10,20,729,40,4374,61998.4,729,4.66643,600,81,1,142.861,1
./WORKING//matrices//odepa400.pbin,1,10,20,400,38,1200,779.263,400,0.185075,5.08,399,1,0.0150376,0
./WORKING//matrices//odepb400.pbin,1,10,20,400,38,400,7.69579e-12,389.474,1.87715e-15,2.66e-14,0,0,1.02619e-30,1
./WORKING//matrices//olm1000.pbin,1,10,20,1000,40,4000,2.15999e+06,1000,86.3994,101722,2,1,2.05878e+06,0
./WORKING//matrices//olm100.pbin,1,10,20,100,35,400,2221.76,100,7.77616,1049.45,2,1,2060.59,0
./WORKING//matrices//olm500.pbin,1,10,20,500,39,2000,261064,500,40.7259,25528.6,2,1,259662,0
./WORKING//matrices//orani678.pbin,1,10,20,2529,40,105839,759.936,821.925,0.0146237,1,2301,0,0.000713158,0
./WORKING//matrices//orsirr_1.pbin,1,10,20,1030,40,6849.5,3.24114e+07,1030,1222.04,133473,516,1,2.37137e+06,1
./WORKING//matrices//orsirr_2.pbin,1,10,20,886,38,5980.5,1.74311e+07,886,843.801,200385,546,1,6.7999e+06,1
./WORKING//matrices//orsreg_1.pbin,1,10,20,2205,40,14553,3.28952e+07,2205,270.63,16809.7,441,1,155569,1
./WORKING//matrices//oscil_dcop_01.pbin,1,10,20,430,40,1290,1.73326e+07,333.25,4838.21,1e+06,176,0,2.37767e+08,1
./WORKING//matrices//oscil_dcop_02.pbin,1,10,20,430,40,1290,1.73346e+07,333.25,4838.78,1e+06,176,0,2.37767e+08,1
./WORKING//matrices//oscil_dcop_03.pbin,1,10,20,430,40,1290,1.73333e+07,333.25,4838.4,1e+06,176,0,2.37767e+08,1
./WORKING//matrices//oscil_dcop_04.pbin,1,10,20,430,40,1290,1.73328e+07,333.25,4838.28,1e+06,176,0,2.37767e+08,0
./WORKING//matrices//oscil_dcop_05.pbin,1,10,20,430,40,1290,1.73329e+07,333.25,4838.31,1e+06,176,0,2.37767e+08,0
./WORKING//matrices//oscil_dcop_06.pbin,1,10,20,430,40,1290,1.73348e+07,333.25,4838.84,1e+06,176,0,2.37767e+08,0
./WORKING//matrices//oscil_dcop_07.pbin,1,10,20,430,40,1290,1.73333e+07,333.25,4838.42,1e+06,176,0,2.37767e+08,0
./WORKING//matrices//oscil_dcop_08.pbin,1,10,20,430,40,1290,1.73328e+07,333.25,4838.27,1e+06,176,0,2.37767e+08,0
./WORKING//matrices//oscil_dcop_09.pbin,1,10,20,430,40,1290,1.73326e+07,333.25,4838.21,1e+06,176,0,2.37767e+08,1
./WORKING//matrices//oscil_dcop_10.pbin,1,10,20,430,40,1290,1.73325e+07,333.25,4838.19,1e+06,176,0,2.37767e+08,1
./WORKING//matrices//oscil_dcop_11.pbin,1,10,20,430,40,1290,1.73325e+07,333.25,4838.19,1e+06,176,0,2.37767e+08,0
./WORKING//matrices//oscil_dcop_12.pbin,1,10,20,430,40,1290,1.73325e+07,333.25,4838.19,1e+06,176,0,2.37767e+08,1
./WORKING//matrices//oscil_dcop_13.pbin,1,10,20,430,40,1290,1.73325e+07,333.25,4838.19,1e+06,176,0,2.37767e+08,1
./WORKING//matrices//oscil_dcop_14.pbin,1,10,20,430,40,1290,1.73325e+07,333.25,4838.19,1e+06,176,0,2.37767e+08,1
./WORKING//matrices//oscil_dcop_15.pbin,1,10,20,430,40,1290,1.73325e+07,333.25,4838.19,1e+06,176,0,2.37767e+08,1
./WORKING//matrices//oscil_dcop_16.pbin,1,10,20,430,40,1290,1.73325e+07,333.25,4838.19,1e+06,176,0,2.37767e+08,1
./WORKING//matrices//oscil_dcop_17.pbin,1,10,20,430,40,1290,1.73325e+07,333.25,4838.19,1e+06,176,0,2.37767e+08,1
./WORKING//matrices//oscil_dcop_18.pbin,1,10,20,430,40,1569.5,6.65619e+06,354.75,1745.4,200000,178,0,4.67127e+06,1
./WORKING//matrices//oscil_dcop_19.pbin,1,10,20,430,40,1569.5,6.6562e+06,354.75,1745.4,200000,178,0,4.67127e+06,1
./WORKING//matrices//oscil_dcop_20.pbin,1,10,20,430,40,1569.5,6.6562e+06,354.75,1745.4,200000,178,0,4.67127e+06,1
./WORKING//matrices//oscil_dcop_21.pbin,1,10,20,430,40,1569.5,6.6562e+06,354.75,1745.4,200000,178,0,4.67127e+06,1
./WORKING//matrices//oscil_dcop_22.pbin,1,10,20,430,40,1569.5,6.6562e+06,354.75,1745.4,200000,178,0,4.67127e+06,1
./WORKING//matrices//oscil_dcop_23.pbin,1,10,20,430,40,1569.5,6.65622e+06,354.75,1745.41,200000,178,0,4.67127e+06,1
./WORKING//matrices//oscil_dcop_24.pbin,1,10,20,430,40,1569.5,6.6562e+06,354.75,1745.4,200000,178,0,4.67127e+06,1
./WORKING//matrices//oscil_dcop_25.pbin,1,10,20,430,40,1569.5,6.6562e+06,354.75,1745.4,200000,178,0,4.67127e+06,1
./WORKING//matrices//oscil_dcop_26.pbin,1,10,20,430,40,1569.5,6.6562e+06,354.75,1745.4,200000,178,0,4.67127e+06,1
./WORKING//matrices//oscil_dcop_27.pbin,1,10,20,430,40,1569.5,6.6562e+06,354.75,1745.4,200000,178,0,4.67127e+06,1
./WORKING//matrices//oscil_dcop_28.pbin,1,10,20,430,40,1569.5,6.65619e+06,354.75,1745.4,200000,178,0,4.67127e+06,1
./WORKING//matrices//oscil_dcop_29.pbin,1,10,20,430,40,1569.5,6.65619e+06,354.75,1745.4,200000,178,0,4.67127e+06,1
./WORKING//matrices//oscil_dcop_30.pbin,1,10,20,430,40,1569.5,6.65619e+06,354.75,1745.4,200000,178,0,4.67127e+06,1
./WORKING//matrices//oscil_dcop_31.pbin,1,10,20,430,40,1569.5,6.65619e+06,354.75,1745.4,200000,178,0,4.67127e+06,1
./WORKING//matrices//oscil_dcop_32.pbin,1,10,20,430,40,1569.5,6.65619e+06,354.75,1745.4,200000,178,0,4.67127e+06,1
./WORKING//matrices//oscil_dcop_33.pbin,1,10,20,430,40,1569.5,6.65619e+06,354.75,1745.4,200000,178,0,4.67127e+06,1
./WORKING//matrices//oscil_dcop_34.pbin,1,10,20,430,40,1569.5,6.65619e+06,354.75,1745.4,200000,178,0,4.67127e+06,1
./WORKING//matrices//oscil_dcop_35.pbin,1,10,20,430,40,1569.5,6.65619e+06,354.75,1745.4,200000,178,0,4.67127e+06,1
./WORKING//matrices//oscil_dcop_36.pbin,1,10,20,430,40,1569.5,6.65619e+06,354.75,1745.4,200000,178,0,4.67127e+06,1
./WORKING//matrices//oscil_dcop_37.pbin,1,10,20,430,40,1569.5,6.65619e+06,354.75,1745.4,200000,178,0,4.67127e+06,1
./WORKING//matrices//oscil_dcop_38.pbin,1,10,20,430,40,1569.5,6.65619e+06,354.75,1745.4,200000,178,0,4.67127e+06,1
./WORKING//matrices//oscil_dcop_39.pbin,1,10,20,430,40,1569.5,6.65619e+06,354.75,1745.4,200000,178,0,4.67127e+06,1
./WORKING//matrices//oscil_dcop_40.pbin,1,10,20,430,40,1569.5,6.65619e+06,354.75,1745.4,200000,178,0,4.67127e+06,1
./WORKING//matrices//oscil_dcop_41.pbin,1,10,20,430,40,1569.5,6.65619e+06,354.75,1745.4,200000,178,0,4.67127e+06,1
./WORKING//matrices//oscil_dcop_42.pbin,1,10,20,430,40,1569.5,6.65619e+06,354.75,1745.4,200000,178,0,4.67127e+06,1
./WORKING//matrices//oscil_dcop_43.pbin,1,10,20,430,40,1569.5,6.65619e+06,354.75,1745.4,200000,178,0,4.67127e+06,1
./WORKING//matrices//oscil_dcop_44.pbin,1,10,20,430,40,1569.5,6.65619e+06,354.75,1745.4,200000,178,0,4.67127e+06,1
./WORKING//matrices//oscil_dcop_45.pbin,1,10,20,430,40,1569.5,6.65619e+06,354.75,1745.4,200000,178,0,4.67127e+06,1
./WORKING//matrices//oscil_dcop_46.pbin,1,10,20,430,40,1569.5,6.65619e+06,354.75,1745.4,200000,178,0,4.67127e+06,1
./WORKING//matrices//oscil_dcop_47.pbin,1,10,20,430,40,1569.5,6.65619e+06,354.75,1745.4,200000,178,0,4.67127e+06,1
./WORKING//matrices//oscil_dcop_48.pbin,1,10,20,430,40,1569.5,6.65619e+06,354.75,1745.4,200000,178,0,4.67127e+06,1
./WORKING//matrices//oscil_dcop_49.pbin,1,10,20,430,40,1569.5,6.65619e+06,354.75,1745.4,200000,178,0,4.67127e+06,1
./WORKING//matrices//oscil_dcop_50.pbin,1,10,20,430,40,1569.5,6.65619e+06,354.75,1745.4,200000,178,0,4.67127e+06,1
./WORKING//matrices//oscil_dcop_51.pbin,1,10,20,430,40,1569.5,6.65619e+06,354.75,1745.4,200000,178,0,4.67127e+06,1
./WORKING//matrices//oscil_dcop_52.pbin,1,10,20,430,40,1569.5,6.65619e+06,354.75,1745.4,200000,178,0,4.67127e+06,1
./WORKING//matrices//oscil_dcop_53.pbin,1,10,20,430,40,1569.5,6.65619e+06,354.75,1745.4,200000,178,0,4.67127e+06,1
./WORKING//matrices//oscil_dcop_54.pbin,1,10,20,430,40,1569.5,6.65619e+06,354.75,1745.4,200000,178,0,4.67127e+06,1
./WORKING//matrices//oscil_dcop_55.pbin,1,10,20,430,40,1569.5,6.65619e+06,354.75,1745.4,200000,178,0,4.67127e+06,1
./WORKING//matrices//oscil_dcop_56.pbin,1,10,20,430,40,1569.5,6.65619e+06,354.75,1745.4,200000,178,0,4.67127e+06,1
./WORKING//matrices//oscil_dcop_57.pbin,1,10,20,430,40,1569.5,6.65619e+06,354.75,1745.4,200000,178,0,4.67127e+06,1
./WORKING//matrices//oscil_trans_01.pbin,1,10,20,430,40,1741.5,6.66496e+06,419.25,1478.82,200000,178,0,4.67129e+06,1
./WORKING//matrices//pcrystk02.pbin,1,10,20,13965,40,980343,13965,13965,0.0028643,9,461,1,0.00500104,1
./WORKING//matrices//pcrystk03.pbin,1,10,20,24696,40,1.90036e+06,24696,24696,0.0016197,9,572,1,0.00310615,1
./WORKING//matrices//pde225.pbin,1,10,20,225,38,1068.75,961.551,225,0.721757,10.3448,15,1,0.107342,1
./WORKING//matrices//pde2961.pbin,1,10,20,2961,40,13768.6,11419.3,2961,0.0520983,6.48158,47,1,0.00564653,1
./WORKING//matrices//pde900.pbin,1,10,20,900,40,4365,3968.82,900,0.195991,8.19839,30,1,0.0250231,1
./WORKING//matrices//pesa.pbin,1,10,20,11738,40,79818.4,121488,11738,0.0352701,24,9754,1,0.0133765,1
./WORKING//matrices//pivtol.pbin,1,10,20,102,37,306,7.16595,102,0.0254845,2,101,1,1.55051e-05,0
./WORKING//matrices//pkustk01.pbin,1,10,20,22044,40,955607,22044,22044,0.00181455,6,5910,1,0.00196219,1
./WORKING//matrices//pkustk02.pbin,1,10,20,10800,40,754920,10800,10800,0.0037037,10,10541,1,0.00642515,1
./WORKING//matrices//plat1919.pbin,1,10,20,1919,40,32143.2,606.835,1919,0.00659145,1.31586,1297,1,0.000172138,1
./WORKING//matrices//plat362.pbin,1,10,20,362,39,5538.6,60.3049,362,0.0179473,0.447094,249,1,0.000202088,1
./WORKING//matrices//plsk1919.pbin,1,10,20,1919,40,9595,0,0,-nan,0,1296,0,0.00017936,1
./WORKING//matrices//plskz362.pbin,1,10,20,362,39,1737.6,0,0,-nan,0.326035,248,0,0.000507138,1
./WORKING//matrices//poisson2D.pbin,1,10,20,367,36,2348.8,194.504,367,0.0519876,0.723525,348,1,0.000889313,1
./WORKING//matrices//poli_large.pbin,1,10,20,15575,40,35043.8,15575,15575,0.00256822,8,15446,1,0.000106073,0
./WORKING//matrices//poli.pbin,1,10,20,4008,39,8617.2,4008,4008,0.00973054,2,3822,1,0.000329167,0
./WORKING//matrices//pores_1.pbin,1,10,20,30,30,182.4,6.08495e+07,30,2.02832e+06,3.89616e+07,11,4,5.88001e+11,0
./WORKING//matrices//pores_2.pbin,1,10,20,1224,40,7956,1.21953e+09,1224,32560.4,4.33451e+07,265,1,6.41676e+09,0
./WORKING//matrices//pores_3.pbin,1,10,20,532,40,3458,2.37274e+06,532,335.341,40004.6,77,1,488732,0
./WORKING//matrices//problem1.pbin,1,10,20,415,39,2801.25,1329.38,415,0.301034,7.23231,196,1,0.036364,1
./WORKING//matrices//radfr1.pbin,1,10,20,1048,40,12576,554.238,340.6,0.0621084,12.1174,948,0,0.0204558,0
./WORKING//matrices//raefsky5.pbin,1,10,20,6316,40,161058,2.5406e+11,6316,254749,1.7678e+08,399,1,5.19759e+10,0
./WORKING//matrices//raefsky6.pbin,1,10,20,3402,39,125704,3.34736e+16,3402,1.12797e+11,1.9163e+14,1811,1,5.39702e+23,0
./WORKING//matrices//rajat01.pbin,1,10,20,6833,40,29723.5,4953.93,4953.93,0.00585394,7,6826,0,0.000636102,1
./WORKING//matrices//rajat02.pbin,1,10,20,1960,40,9016,1470,1470,0.0204082,9,1949,0,0.00234238,1
./WORKING//matrices//rajat03.pbin,1,10,20,7602,40,31928.4,66517.6,5701.5,0.0613875,20,7593,0,0.0486845,1
./WORKING//matrices//rajat04.pbin,1,10,20,1041,39,7287,620096,774.077,30.0116,20995.4,1012,0,2.35476,1
./WORKING//matrices//rajat05.pbin,1,10,20,301,39,1249.15,200.118,277.846,0.0933209,4.60452,298,1,0.00666307,0
./WORKING//matrices//rajat06.pbin,1,10,20,10922,39,45872.4,8121.49,8121.49,0.00357077,2,10913,0,0.000384424,1
./WORKING//matrices//rajat07.pbin,1,10,20,14842,40,62336.4,11131.5,11131.5,0.00269505,2,14833,0,0.000282916,1
./WORKING//matrices//rajat08.pbin,1,10,20,19362,40,84224.7,14521.5,14521.5,0.0020659,2,19353,0,0.000224626,1
./WORKING//matrices//rajat11.pbin,1,10,20,135,36,621,39.0848,123.75,0.0842231,3.87016,133,0,0.00131172,0
./WORKING//matrices//rajat12.pbin,1,10,20,1879,40,9864.75,39553.9,1456.22,0.578221,457.631,1877,1,0.0018502,1
./WORKING//matrices//rajat13.pbin,1,10,20,7598,40,44068.4,1.71361e+08,6458.3,139.686,371644,7594,1,0.0797503,1
./WORKING//matrices//rajat14.pbin,1,10,20,180,38,1134,328963,137.368,505.559,38389.3,177,1,6.54987,1
./WORKING//matrices//rbsa480.pbin,1,10,20,480,39,19008,5513.85,110.769,4.04444,524,477,0,255.23,0
./WORKING//matrices//rbsb480.pbin,1,10,20,480,39,19032,7458.46,123.077,4.92375,498,477,0,278.697,0
./WORKING//matrices//rdb2048.pbin,1,10,20,2048,40,12083.2,49091.5,2048,0.468173,61.722,64,1,0.397349,1
./WORKING//matrices//rdb5000.pbin,1,10,20,5000,40,29750,298478,5000,0.477566,134.298,100,1,0.968975,1
./WORKING//matrices//rdb968.pbin,1,10,20,968,39,5662.8,11022.4,968,0.458764,34.842,44,1,0.232383,1
./WORKING//matrices//rdist1.pbin,1,10,20,4134,40,94668.6,3351.48,1240.2,0.0261477,28.7125,3934,0,0.0223679,0
./WORKING//matrices//rdist2.pbin,1,10,20,3198,40,58363.5,328.453,1039.35,0.00395269,1,2430,0,0.00604632,0
./WORKING//matrices//rdist3a.pbin,1,10,20,2398,40,63307.2,1755.12,899.25,0.0325565,45.0917,90,0,12.1601,0
./WORKING//matrices//rgg010.pbin,1,10,20,10,10,70,10,10,1,10,9,4,0.153333,0
./WORKING//matrices//rw136.pbin,1,10,20,136,38,496.4,0,0,-nan,1,15,0,0.00284747,0
./WORKING//matrices//rw496.pbin,1,10,20,496,40,1860,0,0,-nan,1,30,0,0.000699116,0
./WORKING//matrices//saylr3.pbin,1,10,20,1000,40,4750,937.816,1000,0.0375126,4.661,100,1,0.00329986,1
./WORKING//matrices//saylr4.pbin,1,10,20,3564,40,21384,1.92681e+07,3564,60.6768,13303.9,198,1,13044.8,1
./WORKING//matrices//sherman1.pbin,1,10,20,1000,40,4750,962.816,1000,0.0385126,5.008,100,1,0.00329986,1
./WORKING//matrices//sherman2.pbin,1,10,20,1080,40,23706,1.92799e+07,1080,661.178,2.94217e+08,221,1,4.13115e+12,0
./WORKING//matrices//sherman4.pbin,1,10,20,1104,40,2649.6,3186.17,1104,0.104566,16.8859,368,1,0.0663729,1
./WORKING//matrices//sherman5.pbin,1,10,20,3312,40,17056.8,50103.7,3312,0.182704,292.5,1105,1,4.22888,1
./WORKING//matrices//shermanACa.pbin,1,10,20,3432,40,20592,987.7,3432,0.00335421,6.48508,2966,1,0.00530262,0
./WORKING//matrices//shermanACb.pbin,1,10,20,18510,40,152708,6935.26,18510,0.000809674,1,10026,1,2.31377e-05,0
./WORKING//matrices//shermanACd.pbin,1,10,20,6136,40,57678.4,1977.12,6136,0.0021005,7.67057,5748,1,0.00590843,0
./WORKING//matrices//shl_0.pbin,1,10,20,663,40,1624.35,82.875,82.875,0.0603318,2406,534,0,47.1307,0
./WORKING//matrices//shl_200.pbin,1,10,20,663,40,1690.65,82.875,82.875,0.0603318,2806,538,0,37.1424,0
./WORKING//matrices//shl_400.pbin,1,10,20,663,40,1690.65,49.725,49.725,0.0603318,2552,538,0,33.2503,0
./WORKING//matrices//shuttle_eddy.pbin,1,10,20,10429,40,102726,10429,10429,0.00383546,3,9419,1,0.000943582,1
./WORKING//matrices//shyy41.pbin,1,10,20,4720,40,19588,47142.3,2596,0.153895,38.2003,40,0,0.0854415,1
./WORKING//matrices//sinc12.pbin,1,10,20,7500,40,282000,0,0,-nan,16.9826,3593,0,4.86582e+06,0
./WORKING//matrices//skirt.pbin,1,10,20,12598,40,200938,12598,12598,0.00317511,9,1016,1,0.00126445,1
./WORKING//matrices//sphere2.pbin,1,10,20,66,36,455.4,66,66,0.545455,7,19,2,0.0950117,1
./WORKING//matrices//sphere3.pbin,1,10,20,258,39,1806,258,258,0.151163,7,35,1,0.0264984,1
./WORKING//matrices//sstmodel.pbin,1,10,20,3345,40,23415,3345,3345,0.0119581,3,88,1,0.00208782,1
./WORKING//matrices//steam1.pbin,1,10,20,240,40,2112,5.20426e+08,240,361407,1.08566e+07,142,1,1.00961e+11,0
./WORKING//matrices//steam2.pbin,1,10,20,600,40,5700,6.70007e+11,600,7.44453e+07,4.62519e+09,330,1,7.33775e+15,0
./WORKING//matrices//steam3.pbin,1,10,20,80,40,340,4.08488e+10,80,2.55305e+08,1.73857e+10,40,1,4.32116e+13,0
./WORKING//matrices//str_0.pbin,1,10,20,363,39,2250.6,9.30769,9.30769,0.107438,2.242,201,0,0.00546414,0
./WORKING//matrices//str_200.pbin,1,10,20,363,39,3412.2,9.30769,9.30769,0.107438,2,295,0,0.00670871,0
./WORKING//matrices//str_400.pbin,1,10,20,363,39,3321.45,9.30769,9.30769,0.107438,10.34,295,0,0.0068415,0
./WORKING//matrices//str_600.pbin,1,10,20,363,39,3648.15,9.30769,9.30769,0.107438,10.34,295,0,0.0116561,0
./WORKING//matrices//struct4.pbin,1,10,20,4350,40,242078,4350,4350,0.0091954,9,548,1,0.012611,1
./WORKING//matrices//swang1.pbin,1,10,20,3169,40,21232.3,33.0868,3169,0.000131786,0.0175442,2576,1,4.39901e-08,1
./WORKING//matrices//swang2.pbin,1,10,20,3169,40,21232.3,36.4196,3169,0.000145061,0.0196963,2576,1,4.86311e-08,1
./WORKING//matrices//tandem_vtx.pbin,1,10,20,18454,40,285114,18454,18454,0.00216755,2,18411,1,0.000836529,1
./WORKING//matrices//thermal.pbin,1,10,20,3456,40,60652.8,2022.22,3456,0.00677236,0.949638,2297,1,0.000128469,1
./WORKING//matrices//tub100.pbin,1,10,20,100,36,400,96505.6,100,347.42,2032.21,2,1,13957.1,1
./WORKING//matrices//utm1700b.pbin,1,10,20,1700,40,22355,1044.28,1700,0.0144537,1.41421,254,1,0.000588466,0
./WORKING//matrices//utm300.pbin,1,10,20,300,39,3615,197.656,300,0.085651,2.06527,54,1,0.00334161,0
./WORKING//matrices//utm5940.pbin,1,10,20,5940,40,76329,3892.61,5940,0.00441294,1.41421,334,1,0.000168371,0
./WORKING//matrices//wang1.pbin,1,10,20,2903,40,19305,657.025,2903,0.00311852,1.19692,224,1,4.85804e-05,1
./WORKING//matrices//wang2.pbin,1,10,20,2903,40,19305,673.33,2903,0.00319591,1.19692,224,1,5.04513e-05,1
./WORKING//matrices//watt_1.pbin,1,10,20,1856,40,11228.8,974.4,1856,0.0113147,1,64,1,2.69397e-05,1
./WORKING//matrices//watt_2.pbin,1,10,20,1856,40,11321.6,928,1856,0.0107759,2,64,1,2.69397e-05,0
./WORKING//matrices//west0067.pbin,1,10,20,67,33,308.2,0.17987,2.0303,0.0436352,6.59006,59,0,0.0472396,0
./WORKING//matrices//west0132.pbin,1,10,20,132,39,336.6,1.158,6.76923,0.0505428,124.714,92,0,546.214,0
./WORKING//matrices//west0156.pbin,1,10,20,156,38,374.4,0,0,-nan,11.4653,147,0,0.03914,0
./WORKING//matrices//west0167.pbin,1,10,20,167,40,425.85,119.086,16.7,1.708,387.009,158,0,3.06439e+07,0
./WORKING//matrices//west0479.pbin,1,10,20,479,39,1365.15,0,0,-nan,402.635,334,0,19.6835,0
./WORKING//matrices//west0497.pbin,1,10,20,497,39,1341.9,87540.1,38.2308,179.681,16079.3,130,0,38.5266,0
./WORKING//matrices//west0655.pbin,1,10,20,655,39,1997.75,0,0,-nan,276.765,513,0,5.87833,0
./WORKING//matrices//west0989.pbin,1,10,20,989,40,2324.15,33.4494,74.175,0.0182387,147.172,230,0,1.08948,0
./WORKING//matrices//west1505.pbin,1,10,20,1505,40,4665.5,43.9266,75.25,0.0155147,147.172,473,0,3.37866e+06,0
./WORKING//matrices//west2021.pbin,1,10,20,2021,40,5759.85,60.8528,101.05,0.0119189,32194.4,693,0,2.51434e+06,0
./WORKING//matrices//will199.pbin,1,10,20,199,39,606.95,40.8205,40.8205,0.19598,6,165,0,0.0151541,0
./WORKING//matrices//will57.pbin,1,10,20,57,36,282.15,57,57,0.631579,11,44,1,0.079386,0
./WORKING//matrices//young3c.pbin,1,10,20,841,40,3994.75,165760,841,9.37448,410.46,29,1,56.9482,1
./WORKING//matrices//zenios.pbin,1,10,20,2873,40,2442.05,0,0,-nan,0.213473,624,0,1.13909e-05,1
