Matrix Name, Comm Size , Edge, Interior ,Dimension,npoints,nnz,AbsoluteTrace,DiagonalNonZeros,DiagonalAverage,InfinityNorm,lowerBandwidth,MinNonZeroPerRow,ColumnVariance,NonZeroPatternSymmetry
./WORKING//matrices//494_bus.pbin,1,10,100,494,120,1699.36,294935,494,145.029,20009.7,428,1,22477.1,1
./WORKING//matrices//662_bus.pbin,1,10,100,662,118,2422.92,80313.2,662,21.6248,1422.9,296,1,70.5545,1
./WORKING//matrices//685_bus.pbin,1,10,100,685,118,3452.4,291903,685,73.4072,26447.4,454,1,254.092,1
./WORKING//matrices//adder_dcop_01.pbin,1,10,100,1813,119,8593.62,0.703097,1797.76,2.56703e-05,1.03832,1509,1,1.58751e-11,0
./WORKING//matrices//adder_dcop_02.pbin,1,10,100,1813,119,8557.36,8.45965,1797.76,0.000308865,1.42368,1509,1,3.96288e-09,0
./WORKING//matrices//adder_dcop_03.pbin,1,10,100,1813,119,7868.42,73.6769,1797.76,0.00268997,3.86663,1509,1,8.24674e-05,0
./WORKING//matrices//adder_dcop_04.pbin,1,10,100,1813,119,8267.28,20.4907,1797.76,0.000748122,1.99015,1509,1,3.31463e-08,0
./WORKING//matrices//adder_dcop_05.pbin,1,10,100,1813,119,8339.8,133.956,1797.76,0.0048908,5.06659,1509,1,0.000141561,0
./WORKING//matrices//adder_dcop_06.pbin,1,10,100,1813,119,8557.36,58.5575,1797.76,0.00213795,2.6791,1509,1,1.94158e-05,0
./WORKING//matrices//adder_dcop_07.pbin,1,10,100,1813,119,8557.36,66.3305,1797.76,0.00242175,4.4157,1509,1,2.48561e-06,0
./WORKING//matrices//adder_dcop_08.pbin,1,10,100,1813,119,8557.36,35.9992,1797.76,0.00131435,2.90032,1509,1,2.41356e-07,0
./WORKING//matrices//adder_dcop_09.pbin,1,10,100,1813,119,8557.36,342.224,1797.76,0.0124947,15.4693,1509,1,0.000330761,0
./WORKING//matrices//adder_dcop_10.pbin,1,10,100,1813,119,8539.23,37.7842,1797.76,0.00137952,3.00222,1509,1,2.86687e-07,0
./WORKING//matrices//adder_dcop_11.pbin,1,10,100,1813,119,8593.62,22.1777,1797.76,0.000809714,2.07647,1509,1,1.348e-07,0
./WORKING//matrices//adder_dcop_12.pbin,1,10,100,1813,119,8593.62,16.5642,1797.76,0.000604764,1.77854,1509,1,2.11131e-08,0
./WORKING//matrices//adder_dcop_13.pbin,1,10,100,1813,119,8593.62,14.2579,1797.76,0.000520561,1.64486,1509,1,1.4573e-08,0
./WORKING//matrices//adder_dcop_14.pbin,1,10,100,1813,119,8575.49,15.7458,1797.76,0.000574885,1.76713,1509,1,1.21011e-08,0
./WORKING//matrices//adder_dcop_15.pbin,1,10,100,1813,119,8593.62,13.7845,1797.76,0.000503278,1.65154,1509,1,1.50883e-08,0
./WORKING//matrices//adder_dcop_16.pbin,1,10,100,1813,119,8593.62,12.3072,1797.76,0.000449342,1.55459,1509,1,1.14069e-08,0
./WORKING//matrices//adder_dcop_17.pbin,1,10,100,1813,119,8593.62,11.6683,1797.76,0.000426012,1.51374,1509,1,1.02839e-08,0
./WORKING//matrices//adder_dcop_18.pbin,1,10,100,1813,119,8593.62,11.4828,1797.76,0.000419242,1.5022,1509,1,1.03103e-08,0
./WORKING//matrices//adder_dcop_19.pbin,1,10,100,1813,119,8593.62,11.4098,1797.76,0.000416577,1.4967,1509,1,1.02691e-08,0
./WORKING//matrices//adder_dcop_20.pbin,1,10,100,1813,119,8593.62,10.805,1797.76,0.000394493,1.45642,1509,1,9.05316e-09,0
./WORKING//matrices//adder_dcop_21.pbin,1,10,100,1813,119,8593.62,9.35587,1797.76,0.000341586,1.35471,1509,1,8.0897e-09,0
./WORKING//matrices//adder_dcop_22.pbin,1,10,100,1813,119,8593.62,9.5028,1797.76,0.000346951,1.35498,1509,1,8.71373e-09,0
./WORKING//matrices//adder_dcop_23.pbin,1,10,100,1813,119,8593.62,9.54003,1797.76,0.00034831,1.35543,1509,1,8.91972e-09,0
./WORKING//matrices//adder_dcop_24.pbin,1,10,100,1813,119,8593.62,9.57387,1797.76,0.000349546,1.35527,1509,1,8.98555e-09,0
./WORKING//matrices//adder_dcop_25.pbin,1,10,100,1813,119,8593.62,9.5677,1797.76,0.000349321,1.35548,1509,1,8.97479e-09,0
./WORKING//matrices//adder_dcop_26.pbin,1,10,100,1813,119,8593.62,9.54996,1797.76,0.000348673,1.3554,1509,1,8.96519e-09,0
./WORKING//matrices//adder_dcop_27.pbin,1,10,100,1813,119,8593.62,9.54235,1797.76,0.000348395,1.35529,1509,1,8.95991e-09,0
./WORKING//matrices//adder_dcop_28.pbin,1,10,100,1813,119,8593.62,9.54247,1797.76,0.000348399,1.35542,1509,1,8.95954e-09,0
./WORKING//matrices//adder_dcop_29.pbin,1,10,100,1813,119,8593.62,9.53848,1797.76,0.000348254,1.35522,1509,1,8.95939e-09,0
./WORKING//matrices//adder_dcop_30.pbin,1,10,100,1813,119,8593.62,9.54073,1797.76,0.000348335,1.35543,1509,1,8.9595e-09,0
./WORKING//matrices//adder_dcop_31.pbin,1,10,100,1813,119,8593.62,9.54078,1797.76,0.000348337,1.35529,1509,1,8.95971e-09,0
./WORKING//matrices//adder_dcop_32.pbin,1,10,100,1813,119,8593.62,9.54366,1797.76,0.000348443,1.35565,1509,1,8.95978e-09,0
./WORKING//matrices//adder_dcop_33.pbin,1,10,100,1813,119,8593.62,9.5428,1797.76,0.000348411,1.35566,1509,1,8.95995e-09,0
./WORKING//matrices//adder_dcop_34.pbin,1,10,100,1813,120,8158.5,8.4892,1797.89,0.000312526,1.34409,1681,1,5.4391e-09,0
./WORKING//matrices//adder_dcop_35.pbin,1,10,100,1813,120,8158.5,8.46869,1797.89,0.000311771,1.34361,1681,1,5.40558e-09,0
./WORKING//matrices//adder_dcop_36.pbin,1,10,100,1813,120,8158.5,8.8472,1797.89,0.000325706,1.36902,1681,1,5.39041e-09,0
./WORKING//matrices//adder_dcop_37.pbin,1,10,100,1813,120,8158.5,8.54106,1797.89,0.000314436,1.34829,1681,1,5.40401e-09,0
./WORKING//matrices//adder_dcop_38.pbin,1,10,100,1813,120,8158.5,8.4797,1797.89,0.000312177,1.34429,1681,1,5.40153e-09,0
./WORKING//matrices//adder_dcop_39.pbin,1,10,100,1813,120,8158.5,8.47336,1797.89,0.000311943,1.34405,1681,1,5.39406e-09,0
./WORKING//matrices//adder_dcop_40.pbin,1,10,100,1813,120,8158.5,8.49719,1797.89,0.00031282,1.34541,1681,1,5.40086e-09,0
./WORKING//matrices//adder_dcop_41.pbin,1,10,100,1813,120,8158.5,8.47438,1797.89,0.000311981,1.34412,1681,1,5.39378e-09,0
./WORKING//matrices//adder_dcop_42.pbin,1,10,100,1813,120,8158.5,8.47022,1797.89,0.000311828,1.34394,1681,1,5.39075e-09,0
./WORKING//matrices//adder_dcop_43.pbin,1,10,100,1813,120,8158.5,8.47527,1797.89,0.000312014,1.34415,1681,1,5.3947e-09,0
./WORKING//matrices//adder_dcop_44.pbin,1,10,100,1813,120,8158.5,8.47121,1797.89,0.000311864,1.344,1681,1,5.39115e-09,0
./WORKING//matrices//adder_dcop_45.pbin,1,10,100,1813,120,8158.5,8.47618,1797.89,0.000312047,1.34416,1681,1,5.39617e-09,0
./WORKING//matrices//adder_dcop_46.pbin,1,10,100,1813,120,8158.5,8.47294,1797.89,0.000311928,1.34407,1681,1,5.3922e-09,0
./WORKING//matrices//adder_dcop_47.pbin,1,10,100,1813,120,8158.5,8.46657,1797.89,0.000311693,1.344,1681,1,5.38331e-09,0
./WORKING//matrices//adder_dcop_48.pbin,1,10,100,1813,120,8158.5,8.4506,1797.89,0.000311105,1.34394,1681,1,5.37223e-09,0
./WORKING//matrices//adder_dcop_49.pbin,1,10,100,1813,120,8158.5,8.46166,1797.89,0.000311512,1.34405,1681,1,5.37647e-09,0
./WORKING//matrices//adder_dcop_50.pbin,1,10,100,1813,120,8158.5,8.45488,1797.89,0.000311263,1.34401,1681,1,5.3779e-09,0
./WORKING//matrices//adder_dcop_51.pbin,1,10,100,1813,120,8158.5,8.42407,1797.89,0.000310128,1.34193,1681,1,5.37985e-09,0
./WORKING//matrices//adder_dcop_52.pbin,1,10,100,1813,120,8158.5,8.31315,1797.89,0.000306045,1.33451,1681,1,5.37977e-09,0
./WORKING//matrices//adder_dcop_53.pbin,1,10,100,1813,120,8158.5,8.3141,1797.89,0.00030608,1.33452,1681,1,5.37973e-09,0
./WORKING//matrices//adder_dcop_54.pbin,1,10,100,1813,120,8158.5,8.32101,1797.89,0.000306335,1.33452,1681,1,5.38201e-09,0
./WORKING//matrices//adder_dcop_55.pbin,1,10,100,1813,120,8158.5,8.31777,1797.89,0.000306215,1.33452,1681,1,5.38037e-09,0
./WORKING//matrices//adder_dcop_56.pbin,1,10,100,1813,120,8158.5,8.31501,1797.89,0.000306114,1.33452,1681,1,5.37977e-09,0
./WORKING//matrices//adder_dcop_57.pbin,1,10,100,1813,120,8158.5,8.31449,1797.89,0.000306094,1.33452,1681,1,5.37974e-09,0
./WORKING//matrices//adder_dcop_58.pbin,1,10,100,1813,120,8158.5,8.31428,1797.89,0.000306087,1.33452,1681,1,5.37973e-09,0
./WORKING//matrices//adder_dcop_59.pbin,1,10,100,1813,120,8158.5,8.3142,1797.89,0.000306084,1.33452,1681,1,5.37973e-09,0
./WORKING//matrices//adder_dcop_60.pbin,1,10,100,1813,120,8158.5,8.31416,1797.89,0.000306083,1.33452,1681,1,5.37973e-09,0
./WORKING//matrices//adder_dcop_61.pbin,1,10,100,1813,120,8158.5,8.31415,1797.89,0.000306082,1.33452,1681,1,5.37973e-09,0
./WORKING//matrices//adder_dcop_62.pbin,1,10,100,1813,120,8158.5,8.31415,1797.89,0.000306082,1.33452,1681,1,5.37973e-09,0
./WORKING//matrices//adder_dcop_63.pbin,1,10,100,1813,120,8158.5,8.31415,1797.89,0.000306082,1.33452,1681,1,5.37973e-09,0
./WORKING//matrices//adder_dcop_64.pbin,1,10,100,1813,120,8158.5,8.31415,1797.89,0.000306082,1.33452,1681,1,5.37973e-09,0
./WORKING//matrices//adder_dcop_65.pbin,1,10,100,1813,120,8158.5,8.31415,1797.89,0.000306082,1.33452,1681,1,5.37973e-09,0
./WORKING//matrices//adder_dcop_66.pbin,1,10,100,1813,120,8158.5,8.31415,1797.89,0.000306082,1.33452,1681,1,5.37973e-09,0
./WORKING//matrices//adder_dcop_67.pbin,1,10,100,1813,120,8158.5,8.31415,1797.89,0.000306082,1.33452,1681,1,5.37973e-09,0
./WORKING//matrices//adder_dcop_68.pbin,1,10,100,1813,120,8158.5,8.31415,1797.89,0.000306082,1.33452,1681,1,5.37973e-09,0
./WORKING//matrices//adder_dcop_69.pbin,1,10,100,1813,120,8158.5,8.31415,1797.89,0.000306082,1.33452,1681,1,5.37973e-09,0
./WORKING//matrices//adder_trans_01.pbin,1,10,100,1814,116,12171.9,139.48,1767.09,0.0050475,8.45023,1802,0,1.13911e-05,1
./WORKING//matrices//adder_trans_02.pbin,1,10,100,1814,116,12171.9,139.481,1767.09,0.0050475,8.45023,1802,0,1.13911e-05,1
./WORKING//matrices//aft01.pbin,1,10,100,8205,120,133659,92493,8205,0.164867,130.129,154,1,0.117753,1
./WORKING//matrices//Alemdar.pbin,1,10,100,6245,120,41779.1,6245,6245,0.0192154,19,5895,1,0.0738894,1
./WORKING//matrices//arc130.pbin,1,10,100,130,112,704.6,138.725,130,0.919362,954844,125,1,1.57233e+07,0
./WORKING//matrices//ash292.pbin,1,10,100,292,117,2172.48,292,292,0.400685,7,24,1,0.0248851,1
./WORKING//matrices//ash85.pbin,1,10,100,85,85,531.25,85,85,1,10,39,3,0.0686695,1
./WORKING//matrices//b1_ss.pbin,1,10,100,7,7,14,6,6,1,3,6,2,0.241845,0
./WORKING//matrices//b2_ss.pbin,1,10,100,1089,119,4061.97,0,0,-nan,2432.82,927,0,655212,0
./WORKING//matrices//barth4.pbin,1,10,100,6019,120,40989.4,6019,6019,0.0199369,4,3121,1,0.00113031,1
./WORKING//matrices//barth5.pbin,1,10,100,15606,119,107681,15606,15606,0.00762527,5,14389,1,0.00044197,1
./WORKING//matrices//barth.pbin,1,10,100,6691,119,45900.3,6691,6691,0.0177851,3,6484,1,0.00102432,1
./WORKING//matrices//bayer04.pbin,1,10,100,20545,120,82590.9,0,0,-nan,20000,16959,0,1.04638e+08,0
./WORKING//matrices//bayer05.pbin,1,10,100,3268,120,15523,0,0,-nan,60285.5,3008,0,4.9459e+13,0
./WORKING//matrices//bayer06.pbin,1,10,100,3008,119,17506.6,0,0,-nan,1,2715,0,2.71395e+08,0
./WORKING//matrices//bayer07.pbin,1,10,100,3268,120,15719.1,0,0,-nan,60285.5,3008,0,4.9459e+13,0
./WORKING//matrices//bayer08.pbin,1,10,100,3008,119,17506.6,0,0,-nan,1.30395,2715,0,3.09988e+10,0
./WORKING//matrices//bayer09.pbin,1,10,100,3083,120,12270.3,0,0,-nan,12384.6,2848,0,3.70945e+12,0
./WORKING//matrices//bayer10.pbin,1,10,100,13436,120,78466.2,1.11967,111.967,8.93123e-05,3.09606,11686,0,0.768334,0
./WORKING//matrices//bcspwr01.pbin,1,10,100,39,39,130.765,39,39,1,6,38,2,0.0799794,1
./WORKING//matrices//bcspwr02.pbin,1,10,100,49,49,167.045,49,49,1,7,34,2,0.065225,1
./WORKING//matrices//bcspwr03.pbin,1,10,100,118,110,473.18,118,118,0.932203,9,115,2,0.032927,1
./WORKING//matrices//bcspwr04.pbin,1,10,100,274,116,1542.62,274,274,0.423358,8,265,1,0.0200413,1
./WORKING//matrices//bcspwr05.pbin,1,10,100,443,116,1643.53,443,443,0.261851,5,435,1,0.00830741,1
./WORKING//matrices//bcspwr06.pbin,1,10,100,1454,119,5597.9,1454,1454,0.0818432,4,844,1,0.00264126,1
./WORKING//matrices//bcspwr07.pbin,1,10,100,1612,120,5642,1612,1612,0.0744417,5,1160,1,0.00216666,1
./WORKING//matrices//bcspwr08.pbin,1,10,100,1624,120,5976.32,1624,1624,0.0738916,4,1494,1,0.0022611,1
./WORKING//matrices//bcspwr09.pbin,1,10,100,1723,120,7064.3,1723,1723,0.069646,3,1602,1,0.00237395,1
./WORKING//matrices//bcspwr10.pbin,1,10,100,5300,120,21200,5300,5300,0.0226415,2,4938,1,0.000754229,1
./WORKING//matrices//bcsstk01.pbin,1,10,100,48,48,399.628,3.24331e+10,48,6.75689e+08,3.57095e+09,35,5,2.62658e+16,1
./WORKING//matrices//bcsstk02.pbin,1,10,100,66,66,4356,305063,66,4622.17,31515.5,65,66,672269,1
./WORKING//matrices//bcsstk03.pbin,1,10,100,112,109,654.08,9.57358e+11,112,8.31888e+09,2.11874e+11,7,4,5.58165e+18,1
./WORKING//matrices//bcsstk04.pbin,1,10,100,132,112,3764.64,2.56322e+08,132,1.64762e+06,1.34998e+07,47,12,8.93532e+10,1
./WORKING//matrices//bcsstk05.pbin,1,10,100,153,113,2428.11,1.51639e+08,153,731993,7.00387e+06,28,3,2.06348e+10,1
./WORKING//matrices//bcsstk06.pbin,1,10,100,420,118,8202.6,1.93896e+11,420,1.29703e+08,3.8873e+09,47,1,2.43825e+15,1
./WORKING//matrices//bcsstk07.pbin,1,10,100,420,118,8202.6,1.93896e+11,420,1.29703e+08,3.8873e+09,47,1,2.43825e+15,1
./WORKING//matrices//bcsstk08.pbin,1,10,100,1074,120,13124.3,8.66949e+11,1074,9.01916e+07,7.72935e+10,590,1,3.00241e+14,1
./WORKING//matrices//bcsstk09.pbin,1,10,100,1083,120,18725.1,1.73974e+10,1083,1.77995e+06,6.43624e+07,62,1,5.74314e+11,1
./WORKING//matrices//bcsstk10.pbin,1,10,100,1086,119,22034.9,4.3726e+09,1086,441192,2.33824e+07,37,1,7.30573e+10,1
./WORKING//matrices//bcsstk11.pbin,1,10,100,1473,120,34571.3,7.57456e+10,1473,4.18922e+06,6.64346e+08,647,1,9.51931e+12,1
./WORKING//matrices//bcsstk12.pbin,1,10,100,1473,120,34571.3,7.57456e+10,1473,4.18922e+06,6.64346e+08,647,1,9.51931e+12,1
./WORKING//matrices//bcsstk13.pbin,1,10,100,2003,119,84887.1,6.47008e+13,2003,1.91909e+09,1.49104e+12,1145,1,2.56484e+19,1
./WORKING//matrices//bcsstk14.pbin,1,10,100,1806,116,65503.6,9.70875e+11,1806,3.45291e+07,8.95622e+09,160,1,1.76475e+15,1
./WORKING//matrices//bcsstk15.pbin,1,10,100,3948,118,121440,1.18759e+12,3948,8.99072e+06,4.07299e+09,402,1,2.41327e+14,1
./WORKING//matrices//bcsstk16.pbin,1,10,100,4884,120,287863,3.00509e+12,4884,1.51177e+07,1.58117e+09,140,1,1.47882e+14,1
./WORKING//matrices//bcsstk18.pbin,1,10,100,11948,120,156280,5.47834e+12,11948,4.60511e+06,7.41248e+09,1198,1,1.82863e+14,1
./WORKING//matrices//bcsstk19.pbin,1,10,100,817,118,6805.61,1.10975e+16,817,1.96184e+12,1.69839e+14,566,1,1.53739e+24,1
./WORKING//matrices//bcsstk20.pbin,1,10,100,485,117,3113.7,1.09932e+17,485,5.46796e+13,1.0913e+16,18,1,4.34242e+27,1
./WORKING//matrices//bcsstk21.pbin,1,10,100,3600,120,27216,1.05606e+11,3600,977835,1.07296e+08,125,1,7.41501e+11,1
./WORKING//matrices//bcsstk22.pbin,1,10,100,138,111,699.66,1.29505e+08,138,754835,6.53377e+06,111,1,2.23461e+10,1
./WORKING//matrices//bcsstk23.pbin,1,10,100,3134,120,45568.4,1.20872e+18,3134,1.47676e+13,5.86553e+15,449,1,5.69121e+26,1
./WORKING//matrices//bcsstk26.pbin,1,10,100,1922,120,30463.7,3.8472e+12,1922,1.24974e+08,6.41317e+10,229,1,4.96257e+16,1
./WORKING//matrices//bcsstk27.pbin,1,10,100,1224,120,55924.6,3.36392e+08,1224,26944.2,1.54877e+06,45,1,2.84052e+08,1
./WORKING//matrices//bcsstk29.pbin,1,10,100,13992,120,623064,13992,13992,0.00857633,10,1061,1,0.00317133,1
./WORKING//matrices//bcsstk33.pbin,1,10,100,8738,120,577931,8738,8738,0.0137331,11,837,1,0.00750976,1
./WORKING//matrices//bcsstk34.pbin,1,10,100,588,119,21309.1,1.48819e+09,588,512215,3.0733e+07,95,2,8.97753e+10,1
./WORKING//matrices//bcsstm01.pbin,1,10,100,48,48,23.4419,3600,24,150,200,0,0,276.163,1
./WORKING//matrices//bcsstm02.pbin,1,10,100,66,66,66,5.9214,66,0.0897181,0.172829,0,1,0.00016133,1
./WORKING//matrices//bcsstm03.pbin,1,10,100,112,109,69.44,21348.8,70.8991,293.05,5403.5,0,0,5214.64,1
./WORKING//matrices//bcsstm04.pbin,1,10,100,132,113,64.68,5.71765,65.4159,0.0748236,0.172829,0,0,3.63922e-05,1
./WORKING//matrices//bcsstm05.pbin,1,10,100,153,111,153,48.3271,153,0.229156,0.927954,0,1,0.000838258,1
./WORKING//matrices//bcsstm06.pbin,1,10,100,420,114,420,922924,420,596.447,7602.41,0,1,26701.8,1
./WORKING//matrices//bcsstm07.pbin,1,10,100,420,114,7245,210789,420,136.224,2696.8,47,1,1923.5,1
./WORKING//matrices//bcsstm08.pbin,1,10,100,1074,120,1074,9.97762e+06,1074,1038.01,1.03538e+06,0,1,633.174,1
./WORKING//matrices//bcsstm09.pbin,1,10,100,1083,120,1083,0.10755,1083,1.10036e-05,0.00025902,0,1,2.41604e-11,1
./WORKING//matrices//bcsstm10.pbin,1,10,100,1086,120,22914.6,6.43657e+06,1086,654.902,29369.7,37,1,82952.9,1
./WORKING//matrices//bcsstm11.pbin,1,10,100,1473,118,1473,3872.77,1473,0.21062,31.5781,0,1,0.0354645,1
./WORKING//matrices//bcsstm12.pbin,1,10,100,1473,118,22448.5,990.928,1473,0.0538913,7.87623,645,1,0.00264495,1
./WORKING//matrices//bcsstm13.pbin,1,10,100,2003,119,18207.3,7805.49,1195.07,0.388037,56.7139,521,0,0.0765703,1
./WORKING//matrices//bcsstm19.pbin,1,10,100,817,118,817,1.46602e+09,817,259167,3.86863e+07,0,1,4.184e+10,1
./WORKING//matrices//bcsstm20.pbin,1,10,100,485,117,485,1.7183e+08,485,85467.3,1.21986e+07,0,1,3.84439e+09,1
./WORKING//matrices//bcsstm21.pbin,1,10,100,3600,118,3600,0.298832,3600,2.72084e-06,0.000146606,0,1,3.23195e-12,1
./WORKING//matrices//bcsstm22.pbin,1,10,100,138,112,138,0.227563,138,0.00133832,0.00973767,0,1,7.37229e-08,1
./WORKING//matrices//bcsstm23.pbin,1,10,100,3134,120,3134,1.13036e+09,3134,13810.2,3.41989e+06,0,1,1.7257e+08,1
./WORKING//matrices//bcsstm24.pbin,1,10,100,3562,120,3562,1.45856e+08,3562,1379.48,940347,0,1,4.71027e+06,1
./WORKING//matrices//bcsstm25.pbin,1,10,100,15439,120,15439,2.63157e+11,15439,132482,6.42048e+08,0,1,4.62188e+11,1
./WORKING//matrices//bcsstm26.pbin,1,10,100,1922,120,1922,292.635,1922,0.00950606,1.43193,0,1,4.2721e-05,1
./WORKING//matrices//bcsstm27.pbin,1,10,100,1224,119,54431.3,417959,1224,33.1985,2183.77,45,1,493.372,1
./WORKING//matrices//bcsstm34.pbin,1,10,100,588,119,24384.4,78.6123,588,0.0270572,2.89819,95,3,0.000422497,1
./WORKING//matrices//bcsstm38.pbin,1,10,100,8032,119,8353.28,106.494,4657.21,0.000338782,0.249218,61,0,2.64859e-07,1
./WORKING//matrices//b_dyn.pbin,1,10,100,1089,119,4508.46,0.518243,9.15126,0.0061883,30.3288,897,0,0.00149785,0
./WORKING//matrices//bfwa398.pbin,1,10,100,398,118,3641.7,1352.41,398,1.00745,12.7796,304,1,0.0488485,1
./WORKING//matrices//bfwa62.pbin,1,10,100,62,62,451.404,183.813,62,2.96473,15.8535,49,3,0.26243,0
./WORKING//matrices//bfwa782.pbin,1,10,100,782,119,7749.62,2942.47,782,0.572592,17.7731,573,1,0.0326815,0
./WORKING//matrices//bfwb398.pbin,1,10,100,398,116,2937.24,0.00353883,398,2.5915e-06,3.3e-05,293,1,3.29444e-13,1
./WORKING//matrices//bfwb62.pbin,1,10,100,62,62,346.982,0.00335319,62,5.40837e-05,0.0002125,48,2,7.89121e-11,1
./WORKING//matrices//bfwb782.pbin,1,10,100,782,119,6240.36,0.00612916,782,1.19271e-06,2.05716e-05,571,1,1.27363e-13,1
./WORKING//matrices//big.pbin,1,10,100,13209,120,91406.3,153004,13209,0.105231,28,11910,1,0.0125538,1
./WORKING//matrices//blckhole.pbin,1,10,100,2132,119,15073.2,2132,2132,0.0558161,7,946,1,0.00330628,1
./WORKING//matrices//bp_0.pbin,1,10,100,822,118,3353.76,6.9661,6.9661,0.143552,100,492,0,0.504333,0
./WORKING//matrices//bp_1000.pbin,1,10,100,822,118,4373.04,6.9661,6.9661,0.143552,155.16,732,0,3.08832,0
./WORKING//matrices//bp_1200.pbin,1,10,100,822,118,4414.14,6.9661,6.9661,0.143552,155.16,804,0,3.3748,0
./WORKING//matrices//bp_1400.pbin,1,10,100,822,118,4660.74,6.9661,6.9661,0.143552,155.16,804,0,3.03813,0
./WORKING//matrices//bp_1600.pbin,1,10,100,822,118,4570.32,6.9661,6.9661,0.143552,155.16,804,0,3.03237,0
./WORKING//matrices//bp_200.pbin,1,10,100,822,118,3912.72,6.9661,6.9661,0.143552,246.06,776,0,1.85171,0
./WORKING//matrices//bp_400.pbin,1,10,100,822,118,4159.32,6.9661,6.9661,0.143552,257.47,755,0,1.88386,0
./WORKING//matrices//bp_600.pbin,1,10,100,822,118,4027.8,6.9661,6.9661,0.143552,257.47,755,0,3.17378,0
./WORKING//matrices//bp_800.pbin,1,10,100,822,118,4348.38,6.9661,6.9661,0.143552,155.16,755,0,3.04447,0
./WORKING//matrices//bwm200.pbin,1,10,100,200,116,796,93497,200,271.141,1239.84,100,1,1819.62,1
./WORKING//matrices//cage10.pbin,1,10,100,11397,120,146679,7528.07,11397,0.00695478,0.954983,5220,1,4.16463e-05,1
./WORKING//matrices//cage3.pbin,1,10,100,5,5,-nan,2.33333,5,0.466667,2,4,3,-nan,1
./WORKING//matrices//cage4.pbin,1,10,100,9,9,51.75,5,9,0.555556,1.25,7,5,0.0308294,1
./WORKING//matrices//cage5.pbin,1,10,100,37,37,235.875,21.4,37,0.578378,1.67331,23,3,0.0103878,1
./WORKING//matrices//cage6.pbin,1,10,100,93,93,789.443,57,93,0.612903,1.3194,46,5,0.00441802,1
./WORKING//matrices//cage7.pbin,1,10,100,340,118,3002.2,215.004,340,0.219467,1.10718,140,1,0.00132224,1
./WORKING//matrices//cage8.pbin,1,10,100,1015,119,10556,672.189,1015,0.0776438,1,411,1,0.000459448,1
./WORKING//matrices//cage9.pbin,1,10,100,3534,120,43044.1,2243.71,3534,0.0215584,0.949982,1719,1,0.00012534,1
./WORKING//matrices//can_1054.pbin,1,10,100,1054,118,12532.1,1054,1054,0.111954,8,992,1,0.011135,1
./WORKING//matrices//can_1072.pbin,1,10,100,1072,120,11459.7,1072,1072,0.11194,7,993,1,0.00986284,1
./WORKING//matrices//can_144.pbin,1,10,100,144,113,1274.4,144,144,0.784722,15,142,3,0.0576967,1
./WORKING//matrices//can_161.pbin,1,10,100,161,112,1384.6,161,161,0.695652,17,79,2,0.050847,1
./WORKING//matrices//can_187.pbin,1,10,100,187,113,1510.96,187,187,0.604278,9,63,2,0.0415083,1
./WORKING//matrices//can_229.pbin,1,10,100,229,115,1744.98,229,229,0.502183,9,172,1,0.0322095,1
./WORKING//matrices//can_24.pbin,1,10,100,24,24,165.474,24,24,1,9,21,4,0.208333,1
./WORKING//matrices//can_256.pbin,1,10,100,256,118,2718.72,256,256,0.460938,20,251,2,0.0396189,1
./WORKING//matrices//can_268.pbin,1,10,100,268,119,2998.92,268,268,0.44403,21,263,2,0.0397936,1
./WORKING//matrices//can_292.pbin,1,10,100,292,119,2458.64,292,292,0.407534,18,282,1,0.0278687,1
./WORKING//matrices//can_445.pbin,1,10,100,445,119,3827,445,445,0.267416,7,403,1,0.0189888,1
./WORKING//matrices//can_61.pbin,1,10,100,61,61,568.607,61,61,1,25,50,5,0.127342,1
./WORKING//matrices//can_62.pbin,1,10,100,62,62,221.895,62,62,1,7,48,2,0.0550159,1
./WORKING//matrices//can_634.pbin,1,10,100,634,116,7100.8,634,634,0.182965,10,499,1,0.01735,1
./WORKING//matrices//can_715.pbin,1,10,100,715,120,6270.55,715,715,0.167832,6,593,1,0.0121267,1
./WORKING//matrices//can_73.pbin,1,10,100,73,73,371.441,73,73,1,9,39,3,0.0648559,1
./WORKING//matrices//can_838.pbin,1,10,100,838,119,10315.8,838,838,0.142005,9,837,1,0.0144364,1
./WORKING//matrices//can_96.pbin,1,10,100,96,96,778.549,96,96,1,9,31,6,0.0779497,1
./WORKING//matrices//cavity01.pbin,1,10,100,317,120,7129.33,1009.29,243.033,1.57208,14.8444,102,2,0.0855971,0
./WORKING//matrices//cavity03.pbin,1,10,100,317,120,7173.71,1016.47,243.033,1.58326,61.0728,102,2,0.479113,0
./WORKING//matrices//cavity04.pbin,1,10,100,317,120,5731.36,1109.88,243.033,1.72875,89.1704,102,1,1.4176,1
./WORKING//matrices//cavity05.pbin,1,10,100,1182,119,33285.1,4081.71,923.748,0.444854,12,177,0,0.0244437,0
./WORKING//matrices//cavity07.pbin,1,10,100,1182,119,33403.3,4055.81,923.748,0.442032,28.8376,177,0,0.0380774,0
./WORKING//matrices//cavity08.pbin,1,10,100,1182,119,29762.8,4073.66,923.748,0.443977,38.5455,177,0,0.062446,1
./WORKING//matrices//cavity09.pbin,1,10,100,1182,119,33403.3,4164.33,923.748,0.453859,48.0542,177,0,0.104292,0
./WORKING//matrices//cavity12.pbin,1,10,100,2597,120,80481,9032.04,1904.47,0.21914,21.2221,252,0,0.0143393,0
./WORKING//matrices//cavity13.pbin,1,10,100,2597,120,76767.3,9010.73,1904.47,0.218623,27.82,252,0,0.0180252,1
./WORKING//matrices//cavity14.pbin,1,10,100,2597,120,80481,9006.33,1904.47,0.218516,34.3189,252,0,0.0240053,0
./WORKING//matrices//cavity15.pbin,1,10,100,2597,120,76767.3,9097.97,1904.47,0.22074,40.7274,252,0,0.0320812,1
./WORKING//matrices//cavity23.pbin,1,10,100,4562,120,134944,16469.9,3269.43,0.132508,25.3331,327,0,0.00998795,1
./WORKING//matrices//cavity24.pbin,1,10,100,4562,120,144159,16484.4,3269.43,0.132625,27.7989,327,0,0.0111929,0
./WORKING//matrices//cavity25.pbin,1,10,100,4562,120,134944,16500.4,3269.43,0.132754,30.2519,327,0,0.0124305,1
./WORKING//matrices//cavity26.pbin,1,10,100,4562,120,144159,16517.4,3269.43,0.132891,32.6921,327,0,0.0140687,0
./WORKING//matrices//cdde1.pbin,1,10,100,961,119,4689.68,3815.85,961,0.49169,5.9707,31,1,0.0204762,1
./WORKING//matrices//cdde3.pbin,1,10,100,961,119,4689.68,3768.92,961,0.485643,5.92188,31,1,0.0200748,1
./WORKING//matrices//cdde5.pbin,1,10,100,961,119,4689.68,3609.38,961,0.465086,5.75586,31,1,0.018747,1
./WORKING//matrices//cegb2802.pbin,1,10,100,2802,120,288494,2591.85,2591.85,0.0428266,14,228,0,0.0351819,1
./WORKING//matrices//cegb2919.pbin,1,10,100,2919,120,299665,2748.72,2748.72,0.04111,16,1892,0,0.0337254,1
./WORKING//matrices//cegb3024.pbin,1,10,100,3024,120,81466.6,2998.8,2998.8,0.0396825,12,276,0,0.0088222,1
./WORKING//matrices//cegb3306.pbin,1,10,100,3306,120,68434.2,3140.7,3140.7,0.0362976,11,466,0,0.00621339,1
./WORKING//matrices//cell1.pbin,1,10,100,7055,120,30266,873580,7055,2.10615,413.602,85,1,3.38247,0
./WORKING//matrices//cell2.pbin,1,10,100,7055,120,30266,873574,7055,2.10614,413.6,85,1,3.38243,0
./WORKING//matrices//circuit_1.pbin,1,10,100,2624,118,31041.9,6.84346,2334.92,0.000131802,2.00915,2609,1,1.53169e-05,0
./WORKING//matrices//circuit_2.pbin,1,10,100,4510,120,11590.7,3582.66,4322.08,0.0220555,3.57968,1215,1,0.000241701,0
./WORKING//matrices//circuit_3.pbin,1,10,100,12127,120,40989.3,5843.58,11419.6,0.00506356,6.83182,11681,0,4.52511e-05,0
./WORKING//matrices//ck104.pbin,1,10,100,104,104,1010.59,69.1159,104,0.664576,6.32584,55,6,0.00604133,1
./WORKING//matrices//coater1.pbin,1,10,100,1348,119,18804.6,260.538,260.538,0.0882789,60.1224,424,0,0.0591027,0
./WORKING//matrices//commanche_dual.pbin,1,10,100,7920,120,31680,7920,7920,0.0151515,4,7492,1,0.000504859,1
./WORKING//matrices//comsol.pbin,1,10,100,1500,119,98460,333.364,1500,0.0176312,0.464812,1493,1,5.23999e-05,1
./WORKING//matrices//coupled.pbin,1,10,100,11341,120,105358,11256.3,10395.9,0.0114568,8.11868,11290,0,0.000517648,1
./WORKING//matrices//crystm01.pbin,1,10,100,4875,120,107104,4.1808e-09,4875,2.11102e-14,2.5774e-12,237,1,3.79889e-28,1
./WORKING//matrices//crystm02.pbin,1,10,100,13965,120,324686,3.92266e-09,13965,2.41368e-15,6.60521e-13,459,1,1.33773e-29,1
./WORKING//matrices//curtis54.pbin,1,10,100,54,54,297.551,54,54,1,12,44,3,0.0916442,0
./WORKING//matrices//d_dyn1.pbin,1,10,100,87,87,234.476,65.6118,4,16.403,53071.9,77,1,287458,0
./WORKING//matrices//d_dyn.pbin,1,10,100,87,87,232.354,0.207484,4,0.0518709,167.828,77,1,2.17441,0
./WORKING//matrices//d_ss.pbin,1,10,100,53,53,142.438,161.832,4,40.4581,52480.8,45,2,607209,0
./WORKING//matrices//dw1024.pbin,1,10,100,2048,119,10199,934.04,2048,0.0265004,0.952924,1056,1,0.000156915,1
./WORKING//matrices//dw256A.pbin,1,10,100,512,116,2437.12,276.504,512,0.122354,2.14827,272,1,0.00136677,0
./WORKING//matrices//dw256B.pbin,1,10,100,512,116,2437.12,362.465,512,0.160393,0.964806,272,1,0.00108072,0
./WORKING//matrices//dwt_1005.pbin,1,10,100,1005,116,8582.7,1005,1005,0.115423,10,851,1,0.00842108,1
./WORKING//matrices//dwt_1007.pbin,1,10,100,1007,118,8660.2,1007,1007,0.11718,4,986,1,0.00847455,1
./WORKING//matrices//dwt_1242.pbin,1,10,100,1242,119,10557,1242,1242,0.0958132,5,934,1,0.00679966,1
./WORKING//matrices//dwt_162.pbin,1,10,100,162,113,1208.52,162,162,0.697531,9,156,1,0.0441063,1
./WORKING//matrices//dwt_193.pbin,1,10,100,193,113,3562.78,193,193,0.585492,18,62,4,0.0859175,1
./WORKING//matrices//dwt_198.pbin,1,10,100,198,114,1397.88,198,198,0.575758,9,36,1,0.0344378,1
./WORKING//matrices//dwt_209.pbin,1,10,100,209,115,1793.22,209,209,0.550239,12,178,1,0.0394355,1
./WORKING//matrices//dwt_221.pbin,1,10,100,221,116,1611.09,221,221,0.524887,9,178,1,0.0319885,1
./WORKING//matrices//dwt_234.pbin,1,10,100,234,114,842.4,234,234,0.487179,6,48,1,0.0151664,1
./WORKING//matrices//dwt_245.pbin,1,10,100,245,117,1482.25,245,245,0.477551,8,109,1,0.0240803,1
./WORKING//matrices//dwt_2680.pbin,1,10,100,2680,120,25299.2,2680,2680,0.0447761,9,2497,1,0.0035109,1
./WORKING//matrices//dwt_307.pbin,1,10,100,307,117,2566.52,307,307,0.381107,8,63,1,0.026566,1
./WORKING//matrices//dwt_310.pbin,1,10,100,310,118,2470.7,310,310,0.380645,7,24,1,0.0251069,1
./WORKING//matrices//dwt_346.pbin,1,10,100,346,116,3124.38,346,346,0.33526,10,288,1,0.0253482,1
./WORKING//matrices//dwt_361.pbin,1,10,100,361,118,2981.86,361,361,0.32687,7,50,1,0.0224067,1
./WORKING//matrices//dwt_419.pbin,1,10,100,419,117,3632.73,419,419,0.279236,10,356,1,0.020296,1
./WORKING//matrices//dwt_492.pbin,1,10,100,492,118,3350.52,492,492,0.239837,8,415,1,0.0136598,1
./WORKING//matrices//dwt_503.pbin,1,10,100,503,120,6091.33,503,503,0.238569,10,451,1,0.0234461,1
./WORKING//matrices//dwt_512.pbin,1,10,100,512,118,3573.76,512,512,0.230469,6,60,1,0.0134266,1
./WORKING//matrices//dwt_592.pbin,1,10,100,592,118,5138.56,592,592,0.199324,6,259,1,0.0144652,1
./WORKING//matrices//dwt_59.pbin,1,10,100,59,59,267.685,59,59,1,6,25,2,0.0719311,1
./WORKING//matrices//dwt_607.pbin,1,10,100,607,118,5019.89,607,607,0.194399,7,147,1,0.0134438,1
./WORKING//matrices//dwt_66.pbin,1,10,100,66,66,322.426,66,66,1,6,44,2,0.069525,1
./WORKING//matrices//dwt_72.pbin,1,10,100,72,72,225.672,72,72,1,5,12,2,0.0421543,1
./WORKING//matrices//dwt_758.pbin,1,10,100,758,120,5707.74,758,758,0.158311,9,192,1,0.00984397,1
./WORKING//matrices//dwt_869.pbin,1,10,100,869,119,7377.81,869,869,0.136939,6,586,1,0.00968097,1
./WORKING//matrices//dwt_878.pbin,1,10,100,878,119,7550.8,878,878,0.135535,6,444,1,0.00970865,1
./WORKING//matrices//dwt_87.pbin,1,10,100,87,87,544.28,87,87,1,13,63,2,0.0668368,1
./WORKING//matrices//dwt_918.pbin,1,10,100,918,119,7252.2,918,918,0.12963,9,839,1,0.00853662,1
./WORKING//matrices//dwt_992.pbin,1,10,100,992,120,17082.2,992,992,0.120968,6,513,1,0.0170706,1
./WORKING//matrices//eris1176.pbin,1,10,100,1176,118,17593,1176,1176,0.10034,12,719,1,0.0121759,1
./WORKING//matrices//ex10hs.pbin,1,10,100,2548,120,57661.2,4.06583e+09,2548,75150.5,2.18993e+07,117,1,4.61495e+09,1
./WORKING//matrices//ex10.pbin,1,10,100,2410,119,55478.2,4.17768e+09,2410,85594.9,2.69512e+07,113,1,1.22022e+10,1
./WORKING//matrices//ex12.pbin,1,10,100,3973,120,81724.6,89589.8,3079.07,0.878822,144.101,106,0,0.233867,1
./WORKING//matrices//ex13.pbin,1,10,100,2568,120,81996.2,5.82627e+11,2568,1.06019e+07,4.17788e+09,163,1,2.96071e+14,1
./WORKING//matrices//ex14.pbin,1,10,100,3251,120,69766.5,2.92869e+09,2384.07,45344,1.2695e+07,307,0,6.17249e+08,1
./WORKING//matrices//ex15.pbin,1,10,100,6867,120,101906,1.37028e+12,6867,3.48705e+06,2.33774e+09,67,1,7.88431e+13,1
./WORKING//matrices//ex18.pbin,1,10,100,5773,119,68698.7,1.59468e+10,5773,56940.1,5.05336e+07,147,1,1.00205e+10,0
./WORKING//matrices//ex1.pbin,1,10,100,216,114,4248.72,6.77735,187.579,0.019069,0.160895,62,4,1.02737e-05,1
./WORKING//matrices//ex20.pbin,1,10,100,2203,119,71443.3,18.0208,1721.67,0.0005654,1.38539,117,0,6.46758e-07,0
./WORKING//matrices//ex21.pbin,1,10,100,656,119,20716.5,26.6525,490.622,0.0098545,0.463112,164,1,1.38615e-05,1
./WORKING//matrices//ex22.pbin,1,10,100,839,119,24070.9,889.501,627.487,0.20106,10.8534,124,0,0.0055803,0
./WORKING//matrices//ex24.pbin,1,10,100,2283,119,46778.7,19968.9,1803.38,0.577176,65.0542,167,0,0.106647,0
./WORKING//matrices//ex25.pbin,1,10,100,848,120,22429.6,22.7215,579.467,0.00554873,0.493889,95,0,2.84396e-06,1
./WORKING//matrices//ex26.pbin,1,10,100,2163,119,77370.5,8238.36,1744.94,0.259747,36.5979,208,0,0.02894,0
./WORKING//matrices//ex27.pbin,1,10,100,974,120,40732.7,14.5586,811.667,0.00220986,0.127801,115,0,1.01667e-06,0
./WORKING//matrices//ex28.pbin,1,10,100,2603,120,75591.1,13773.5,1865.48,0.340378,36.2298,111,0,0.0294277,1
./WORKING//matrices//ex29.pbin,1,10,100,2870,119,24337.6,438.138,2870,0.00632986,1,42,1,1.76522e-05,1
./WORKING//matrices//ex2.pbin,1,10,100,441,119,27090.6,3.25561e+09,441,1.99206e+06,6.11922e+08,129,5,6.16802e+12,1
./WORKING//matrices//ex31.pbin,1,10,100,3909,120,94167.8,1672.73,3485.53,0.0147324,1.85789,141,0,0.000143509,0
./WORKING//matrices//ex32.pbin,1,10,100,1159,120,11195.9,4005.33,888.567,0.466709,48.4444,69,0,0.0628024,1
./WORKING//matrices//ex33.pbin,1,10,100,1733,120,21229.2,1.35778e+12,1733,5.42517e+07,2.06012e+10,144,1,1.50235e+16,1
./WORKING//matrices//ex37.pbin,1,10,100,3565,118,58466,44968.3,3565,0.417512,100.408,478,1,0.180752,1
./WORKING//matrices//ex3.pbin,1,10,100,1821,118,51843.9,3.16834e+09,1821,112744,2.41711e+07,128,1,6.28005e+09,1
./WORKING//matrices//ex4.pbin,1,10,100,1601,120,31571.7,323.293,1094.02,0.0221494,1.03837,112,0,0.000105878,1
./WORKING//matrices//ex5.pbin,1,10,100,27,27,287.182,2.57779e+07,27,954735,7.11112e+06,20,6,1.28486e+11,1
./WORKING//matrices//ex6.pbin,1,10,100,1651,119,51428.7,32933.1,1248.66,1.90104,219.394,86,0,1.28024,1
./WORKING//matrices//ex8.pbin,1,10,100,3096,120,84830.4,8.10303e+09,3096,101444,2.57911e+07,125,1,2.33865e+10,0
./WORKING//matrices//ex9.pbin,1,10,100,3363,120,96282.7,6.40462e+11,3363,6.79549e+06,3.85152e+09,85,1,6.37878e+13,1
./WORKING//matrices//fd12.pbin,1,10,100,7500,120,29475,0,0,-nan,12.0168,6737,0,3.82815e+07,0
./WORKING//matrices//fpga_dcop_01.pbin,1,10,100,1220,117,5404.6,293.864,1084.44,0.0259875,1.09091,860,0,0.000182789,0
./WORKING//matrices//fpga_dcop_02.pbin,1,10,100,1220,117,5404.6,293.965,1084.44,0.0259964,1.09091,860,0,0.000182823,0
./WORKING//matrices//fpga_dcop_03.pbin,1,10,100,1220,117,5404.6,455.55,1084.44,0.0402861,8.09634,860,0,0.0015015,0
./WORKING//matrices//fpga_dcop_04.pbin,1,10,100,1220,117,5343.6,385.626,1084.44,0.0341024,4.04854,860,0,0.000627823,0
./WORKING//matrices//fpga_dcop_05.pbin,1,10,100,1220,117,5343.6,390.636,1084.44,0.0345455,4.22999,860,0,0.000731956,0
./WORKING//matrices//fpga_dcop_06.pbin,1,10,100,1220,117,5270.4,315.117,1084.44,0.027867,1.09091,860,0,0.000218816,0
./WORKING//matrices//fpga_dcop_07.pbin,1,10,100,1220,117,5319.2,314.627,1084.44,0.0278237,1.09091,860,0,0.00020222,0
./WORKING//matrices//fpga_dcop_08.pbin,1,10,100,1220,117,5392.4,350.282,1084.44,0.0309768,4.04863,860,0,0.000465785,0
./WORKING//matrices//fpga_dcop_09.pbin,1,10,100,1220,117,5404.6,315.488,1084.44,0.0278998,1.62327,860,0,0.000226113,0
./WORKING//matrices//fpga_dcop_10.pbin,1,10,100,1220,117,5392.4,301.686,1084.44,0.0266793,1.09091,860,0,0.000189976,0
./WORKING//matrices//fpga_dcop_11.pbin,1,10,100,1220,117,5404.6,302.638,1084.44,0.0267634,1.09091,860,0,0.000191571,0
./WORKING//matrices//fpga_dcop_12.pbin,1,10,100,1220,117,5380.2,296.8,1084.44,0.0262471,1.09091,860,0,0.000184277,0
./WORKING//matrices//fpga_dcop_13.pbin,1,10,100,1220,117,5392.4,295.046,1084.44,0.026092,1.09091,860,0,0.000183177,0
./WORKING//matrices//fpga_dcop_14.pbin,1,10,100,1220,117,5404.6,294.296,1084.44,0.0260258,1.09091,860,0,0.000182915,0
./WORKING//matrices//fpga_dcop_15.pbin,1,10,100,1220,117,5404.6,294.982,1084.44,0.0260864,1.09091,860,0,0.000183209,0
./WORKING//matrices//fpga_dcop_16.pbin,1,10,100,1220,117,5404.6,296.363,1084.44,0.0262085,1.09091,860,0,0.000184229,0
./WORKING//matrices//fpga_dcop_17.pbin,1,10,100,1220,117,5404.6,294.94,1084.44,0.0260827,1.09091,860,0,0.000183179,0
./WORKING//matrices//fpga_dcop_18.pbin,1,10,100,1220,116,5734,301.286,1072.76,0.0267039,1.63636,864,0,0.000186156,0
./WORKING//matrices//fpga_dcop_19.pbin,1,10,100,1220,116,5734,299.332,1072.76,0.0265307,1.63636,864,0,0.000184709,0
./WORKING//matrices//fpga_dcop_20.pbin,1,10,100,1220,116,5734,298.731,1072.76,0.0264774,1.63636,864,0,0.000184476,0
./WORKING//matrices//fpga_dcop_21.pbin,1,10,100,1220,116,5734,298.631,1072.76,0.0264686,1.63636,864,0,0.000184447,0
./WORKING//matrices//fpga_dcop_22.pbin,1,10,100,1220,116,5721.8,298.627,1072.76,0.0264683,1.63636,864,0,0.000184446,0
./WORKING//matrices//fpga_dcop_23.pbin,1,10,100,1220,116,5734,298.62,1072.76,0.0264676,1.63636,864,0,0.000184444,0
./WORKING//matrices//fpga_dcop_24.pbin,1,10,100,1220,116,5734,298.615,1072.76,0.0264672,1.63636,864,0,0.000184442,0
./WORKING//matrices//fpga_dcop_25.pbin,1,10,100,1220,116,5734,298.615,1072.76,0.0264672,1.63636,864,0,0.000184442,0
./WORKING//matrices//fpga_dcop_26.pbin,1,10,100,1220,116,5734,298.615,1072.76,0.0264672,1.63636,864,0,0.000184442,0
./WORKING//matrices//fpga_dcop_27.pbin,1,10,100,1220,116,5734,298.615,1072.76,0.0264672,1.63636,864,0,0.000184442,0
./WORKING//matrices//fpga_dcop_28.pbin,1,10,100,1220,116,5734,298.615,1072.76,0.0264672,1.63636,864,0,0.000184442,0
./WORKING//matrices//fpga_dcop_29.pbin,1,10,100,1220,116,5734,298.615,1072.76,0.0264672,1.63636,864,0,0.000184442,0
./WORKING//matrices//fpga_dcop_30.pbin,1,10,100,1220,116,5734,298.615,1072.76,0.0264672,1.63636,864,0,0.000184442,0
./WORKING//matrices//fpga_dcop_31.pbin,1,10,100,1220,116,5734,298.615,1072.76,0.0264672,1.63636,864,0,0.000184442,0
./WORKING//matrices//fpga_dcop_32.pbin,1,10,100,1220,116,5734,298.615,1072.76,0.0264672,1.63636,864,0,0.000184442,0
./WORKING//matrices//fpga_dcop_33.pbin,1,10,100,1220,116,5734,298.615,1072.76,0.0264672,1.63636,864,0,0.000184442,0
./WORKING//matrices//fpga_dcop_34.pbin,1,10,100,1220,116,5734,298.615,1072.76,0.0264672,1.63636,864,0,0.000184442,0
./WORKING//matrices//fpga_dcop_35.pbin,1,10,100,1220,116,5734,298.615,1072.76,0.0264672,1.63636,864,0,0.000184442,0
./WORKING//matrices//fpga_dcop_36.pbin,1,10,100,1220,116,5734,298.615,1072.76,0.0264672,1.63636,864,0,0.000184442,0
./WORKING//matrices//fpga_dcop_37.pbin,1,10,100,1220,116,5734,298.615,1072.76,0.0264672,1.63636,864,0,0.000184442,0
./WORKING//matrices//fpga_dcop_38.pbin,1,10,100,1220,116,5734,298.615,1072.76,0.0264672,1.63636,864,0,0.000184442,0
./WORKING//matrices//fpga_dcop_39.pbin,1,10,100,1220,116,5734,298.615,1072.76,0.0264672,1.63636,864,0,0.000184442,0
./WORKING//matrices//fpga_dcop_40.pbin,1,10,100,1220,116,5734,298.615,1072.76,0.0264672,1.63636,864,0,0.000184442,0
./WORKING//matrices//fpga_dcop_41.pbin,1,10,100,1220,116,5734,298.615,1072.76,0.0264672,1.63636,864,0,0.000184442,0
./WORKING//matrices//fpga_dcop_42.pbin,1,10,100,1220,116,5734,298.615,1072.76,0.0264672,1.63636,864,0,0.000184442,0
./WORKING//matrices//fpga_dcop_43.pbin,1,10,100,1220,116,5734,298.615,1072.76,0.0264672,1.63636,864,0,0.000184442,0
./WORKING//matrices//fpga_dcop_44.pbin,1,10,100,1220,116,5734,298.615,1072.76,0.0264672,1.63636,864,0,0.000184442,0
./WORKING//matrices//fpga_dcop_45.pbin,1,10,100,1220,116,5734,298.615,1072.76,0.0264672,1.63636,864,0,0.000184442,0
./WORKING//matrices//fpga_dcop_46.pbin,1,10,100,1220,116,5734,298.615,1072.76,0.0264672,1.63636,864,0,0.000184442,0
./WORKING//matrices//fpga_dcop_47.pbin,1,10,100,1220,116,5734,298.615,1072.76,0.0264672,1.63636,864,0,0.000184442,0
./WORKING//matrices//fpga_dcop_48.pbin,1,10,100,1220,116,5734,298.615,1072.76,0.0264672,1.63636,864,0,0.000184442,0
./WORKING//matrices//fpga_dcop_49.pbin,1,10,100,1220,116,5734,298.615,1072.76,0.0264672,1.63636,864,0,0.000184442,0
./WORKING//matrices//fpga_dcop_50.pbin,1,10,100,1220,116,5734,298.615,1072.76,0.0264672,1.63636,864,0,0.000184442,0
./WORKING//matrices//fpga_dcop_51.pbin,1,10,100,1220,116,5734,298.615,1072.76,0.0264672,1.63636,864,0,0.000184442,0
./WORKING//matrices//fpga_trans_01.pbin,1,10,100,1220,116,7088.2,302.15,1083.28,0.0265205,1.66058,1085,0,0.00018657,1
./WORKING//matrices//fs_541_1.pbin,1,10,100,541,120,3711.26,576.651,541,0.236428,32.3102,378,1,0.00223639,0
./WORKING//matrices//fs_541_4.pbin,1,10,100,541,120,3700.44,1.81782e+06,541,745.312,798971,378,1,249135,0
./WORKING//matrices//fs_760_1.pbin,1,10,100,760,120,5373.2,2.52484e+08,760,52455.1,1.71679e+07,740,1,9.10964e+09,0
./WORKING//matrices//fs_760_2.pbin,1,10,100,760,120,5373.2,1.73357e+08,760,36016,1.70638e+07,740,1,9.02033e+09,0
./WORKING//matrices//fs_760_3.pbin,1,10,100,760,119,5882.4,1.10612e+09,760,227889,1.16576e+08,740,1,3.82344e+11,0
./WORKING//matrices//fv1.pbin,1,10,100,9604,120,85859.8,33711.5,9604,0.0438586,4.51015,99,1,0.00141244,1
./WORKING//matrices//fv2.pbin,1,10,100,9801,120,86738.9,34402,9801,0.0429758,5.01005,100,1,0.00138282,1
./WORKING//matrices//fv3.pbin,1,10,100,9801,120,86738.9,29403,9801,0.0367309,4.5,100,1,0.001044,1
./WORKING//matrices//G10.pbin,1,10,100,800,118,37696,0,0,-nan,15,792,1,0.0589137,1
./WORKING//matrices//G11.pbin,1,10,100,800,118,3200,0,0,-nan,4,792,0,0.00499981,1
./WORKING//matrices//G12.pbin,1,10,100,800,118,3200,0,0,-nan,3,784,0,0.00499962,1
./WORKING//matrices//G13.pbin,1,10,100,800,118,3200,0,0,-nan,3,768,0,0.00500113,1
./WORKING//matrices//G14.pbin,1,10,100,800,118,9120,0,0,-nan,22,793,0,0.0139756,1
./WORKING//matrices//G15.pbin,1,10,100,800,118,8424,0,0,-nan,24,798,0,0.0129259,1
./WORKING//matrices//G16.pbin,1,10,100,800,118,8736,0,0,-nan,26,792,0,0.0133781,1
./WORKING//matrices//G17.pbin,1,10,100,800,118,8336,0,0,-nan,26,793,0,0.0128062,1
./WORKING//matrices//G18.pbin,1,10,100,800,118,9120,0,0,-nan,22,793,0,0.0142479,1
./WORKING//matrices//G19.pbin,1,10,100,800,118,8424,0,0,-nan,24,798,0,0.0131631,1
./WORKING//matrices//G1.pbin,1,10,100,800,118,38160,0,0,-nan,15,798,1,0.0560847,1
./WORKING//matrices//G20.pbin,1,10,100,800,118,8736,0,0,-nan,26,792,0,0.0136489,1
./WORKING//matrices//G21.pbin,1,10,100,800,118,8336,0,0,-nan,26,793,0,0.0130249,1
./WORKING//matrices//G22.pbin,1,10,100,2000,120,39620,0,0,-nan,5,1986,0,0.00980675,1
./WORKING//matrices//G23.pbin,1,10,100,2000,120,40320,0,0,-nan,5,1984,0,0.009979,1
./WORKING//matrices//G24.pbin,1,10,100,2000,120,39980,0,0,-nan,5,1976,0,0.00989449,1
./WORKING//matrices//G25.pbin,1,10,100,2000,120,40560,0,0,-nan,4,1976,0,0.0100376,1
./WORKING//matrices//G26.pbin,1,10,100,2000,120,38520,0,0,-nan,4,1991,0,0.00953669,1
./WORKING//matrices//G27.pbin,1,10,100,2000,120,39620,0,0,-nan,5,1986,0,0.00990487,1
./WORKING//matrices//G28.pbin,1,10,100,2000,120,40660,0,0,-nan,4,1985,0,0.0101649,1
./WORKING//matrices//G29.pbin,1,10,100,2000,120,39980,0,0,-nan,5,1976,0,0.00999632,1
./WORKING//matrices//G2.pbin,1,10,100,800,118,39184,0,0,-nan,13,798,1,0.0574758,1
./WORKING//matrices//G30.pbin,1,10,100,2000,120,40560,0,0,-nan,4,1976,0,0.0101403,1
./WORKING//matrices//G31.pbin,1,10,100,2000,120,38520,0,0,-nan,4,1991,0,0.00963065,1
./WORKING//matrices//G32.pbin,1,10,100,2000,120,8000,0,0,-nan,3,1980,0,0.00200002,1
./WORKING//matrices//G33.pbin,1,10,100,2000,120,8000,0,0,-nan,3,1975,0,0.00200011,1
./WORKING//matrices//G34.pbin,1,10,100,2000,120,8000,0,0,-nan,3,1960,0,0.00199994,1
./WORKING//matrices//G35.pbin,1,10,100,2000,120,22140,0,0,-nan,18,1996,0,0.00546661,1
./WORKING//matrices//G36.pbin,1,10,100,2000,120,22020,0,0,-nan,23,1997,0,0.00545356,1
./WORKING//matrices//G37.pbin,1,10,100,2000,120,23140,0,0,-nan,21,1991,0,0.00571774,1
./WORKING//matrices//G38.pbin,1,10,100,2000,120,21980,0,0,-nan,19,1997,0,0.00543142,1
./WORKING//matrices//G39.pbin,1,10,100,2000,120,22140,0,0,-nan,18,1996,0,0.00553398,1
./WORKING//matrices//G3.pbin,1,10,100,800,116,38320,0,0,-nan,13,793,2,0.0562947,1
./WORKING//matrices//G40.pbin,1,10,100,2000,120,22020,0,0,-nan,23,1997,0,0.00550548,1
./WORKING//matrices//G41.pbin,1,10,100,2000,120,23140,0,0,-nan,21,1991,0,0.00578518,1
./WORKING//matrices//G42.pbin,1,10,100,2000,120,21980,0,0,-nan,19,1997,0,0.00549463,1
./WORKING//matrices//G43.pbin,1,10,100,1000,118,20020,0,0,-nan,5,991,0,0.0196204,1
./WORKING//matrices//G44.pbin,1,10,100,1000,118,20310,0,0,-nan,7,986,0,0.0198984,1
./WORKING//matrices//G45.pbin,1,10,100,1000,118,20000,0,0,-nan,7,997,0,0.0196018,1
./WORKING//matrices//G46.pbin,1,10,100,1000,118,19820,0,0,-nan,7,986,0,0.0194268,1
./WORKING//matrices//G47.pbin,1,10,100,1000,118,20730,0,0,-nan,6,992,0,0.0203009,1
./WORKING//matrices//G48.pbin,1,10,100,3000,119,12000,0,0,-nan,2,2940,0,0.001332,1
./WORKING//matrices//G49.pbin,1,10,100,3000,119,12000,0,0,-nan,3,2900,0,0.001332,1
./WORKING//matrices//G4.pbin,1,10,100,800,116,38112,0,0,-nan,15,796,2,0.0560057,1
./WORKING//matrices//G50.pbin,1,10,100,3000,119,12000,0,0,-nan,2,2880,0,0.001332,1
./WORKING//matrices//G51.pbin,1,10,100,1000,118,11030,0,0,-nan,26,998,0,0.010783,1
./WORKING//matrices//G52.pbin,1,10,100,1000,118,11200,0,0,-nan,26,991,0,0.0109824,1
./WORKING//matrices//G53.pbin,1,10,100,1000,118,11060,0,0,-nan,25,996,0,0.0108345,1
./WORKING//matrices//G54.pbin,1,10,100,1000,118,11440,0,0,-nan,23,992,0,0.0111846,1
./WORKING//matrices//G55.pbin,1,10,100,5000,119,25550,0,0,-nan,3,4990,0,0.00102099,1
./WORKING//matrices//G56.pbin,1,10,100,5000,119,25550,0,0,-nan,3,4990,0,0.001022,1
./WORKING//matrices//G57.pbin,1,10,100,5000,119,20000,0,0,-nan,2,4950,0,0.000799997,1
./WORKING//matrices//G58.pbin,1,10,100,5000,119,55450,0,0,-nan,23,4995,0,0.00221128,1
./WORKING//matrices//G59.pbin,1,10,100,5000,119,55450,0,0,-nan,23,4995,0,0.00221779,1
./WORKING//matrices//G5.pbin,1,10,100,800,116,38136,0,0,-nan,15,792,2,0.0560412,1
./WORKING//matrices//G60.pbin,1,10,100,7000,120,35350,0,0,-nan,1,6910,0,0.000720937,1
./WORKING//matrices//G61.pbin,1,10,100,7000,120,35350,0,0,-nan,1,6910,0,0.000721427,1
./WORKING//matrices//G62.pbin,1,10,100,7000,120,28000,0,0,-nan,2,6930,0,0.000571434,1
./WORKING//matrices//G63.pbin,1,10,100,7000,120,77210,0,0,-nan,15,6993,0,0.00157141,1
./WORKING//matrices//G64.pbin,1,10,100,7000,120,77210,0,0,-nan,15,6993,0,0.00157571,1
./WORKING//matrices//G65.pbin,1,10,100,8000,120,32000,0,0,-nan,2,7920,0,0.000499996,1
./WORKING//matrices//G66.pbin,1,10,100,9000,120,36000,0,0,-nan,2,8900,0,0.000444442,1
./WORKING//matrices//G67.pbin,1,10,100,10000,120,40000,0,0,-nan,2,9900,0,0.000399993,1
./WORKING//matrices//G6.pbin,1,10,100,800,117,37808,0,0,-nan,12,798,2,0.0590684,1
./WORKING//matrices//g7jac010.pbin,1,10,100,2880,119,17596.8,1.16897e+07,2855.8,169.134,1.18911e+06,2867,0,6.65888e+07,0
./WORKING//matrices//g7jac010sc.pbin,1,10,100,2880,119,17596.8,5360.89,2855.8,0.0775646,5149.17,2867,0,5.8364,0
./WORKING//matrices//g7jac020.pbin,1,10,100,5850,119,35860.5,3.89014e+07,5653.36,139.975,791229,5837,0,9.68168e+07,0
./WORKING//matrices//g7jac020sc.pbin,1,10,100,5850,119,35860.5,14145,5653.36,0.0508963,5010.5,5837,0,0.373014,0
./WORKING//matrices//g7jac040.pbin,1,10,100,11790,120,98328.6,2.85481e+08,11593.5,250.628,1.72131e+06,9759,0,9.1001e+07,0
./WORKING//matrices//g7jac040sc.pbin,1,10,100,11790,120,98328.6,24703.9,11593.5,0.021688,20045.1,9759,0,0.0596667,0
./WORKING//matrices//G7.pbin,1,10,100,800,117,37968,0,0,-nan,17,798,1,0.0593062,1
./WORKING//matrices//G8.pbin,1,10,100,800,117,38968,0,0,-nan,14,793,2,0.0609076,1
./WORKING//matrices//G9.pbin,1,10,100,800,117,37656,0,0,-nan,15,796,1,0.0588515,1
./WORKING//matrices//gemat11.pbin,1,10,100,4929,120,34453.7,290.118,123.225,0.0573189,11.7185,4803,0,0.0141365,0
./WORKING//matrices//gemat12.pbin,1,10,100,4929,120,35488.8,290.118,123.225,0.0573189,11.7185,4803,0,0.0102957,0
./WORKING//matrices//gent113.pbin,1,10,100,113,109,691.56,91.2294,91.2294,0.964602,19,101,1,0.0490408,0
./WORKING//matrices//gr_30_30.pbin,1,10,100,900,119,7695,7200,900,1.05778,12,31,1,0.0795868,1
./WORKING//matrices//gre_1107.pbin,1,10,100,1107,120,5701.05,245.707,1107,0.0240604,1.00001,170,1,0.000263996,0
./WORKING//matrices//gre_115.pbin,1,10,100,115,109,411.7,63.487,115,0.523257,1.46032,39,2,0.00399898,0
./WORKING//matrices//gre_185.pbin,1,10,100,185,114,989.75,64.0157,157.412,0.2506,1.48055,31,1,0.00174733,0
./WORKING//matrices//gre_216a.pbin,1,10,100,216,112,814.32,57.375,162,0.183642,1,14,0,0.00128079,0
./WORKING//matrices//gre_216b.pbin,1,10,100,216,112,814.32,37.449,162,0.119864,1.96122,14,0,0.00437481,0
./WORKING//matrices//gre_343.pbin,1,10,100,343,116,1327.41,79.8362,236.552,0.11414,1,18,0,0.000769984,0
./WORKING//matrices//gre_512.pbin,1,10,100,512,119,2007.04,109.714,335.597,0.0759841,1,23,0,0.000504984,0
./WORKING//matrices//Hamrle1.pbin,1,10,100,32,32,87.7037,4.05393,5,0.810785,315.748,24,2,117.536,0
./WORKING//matrices//Harvard500.pbin,1,10,100,500,119,2115,37.8151,37.8151,0.238,50,436,0,0.00826914,0
./WORKING//matrices//hor_131.pbin,1,10,100,434,116,4157.72,14.8741,434,0.0091603,0.747486,414,1,1.75257e-05,0
./WORKING//matrices//hydr1.pbin,1,10,100,5308,120,26699.2,98.153,44.2333,0.0501654,8080,4307,0,6.39631e+06,0
./WORKING//matrices//ibm32.pbin,1,10,100,32,32,122.074,32,32,1,8,26,2,0.106593,0
./WORKING//matrices//impcol_a.pbin,1,10,100,207,113,560.97,1070.88,10.9912,53.1872,964,167,0,180.165,0
./WORKING//matrices//impcol_b.pbin,1,10,100,59,59,287.352,15.6537,17,0.920805,10.2412,43,1,0.0585628,0
./WORKING//matrices//impcol_c.pbin,1,10,100,137,109,395.93,199.844,55.3028,2.87508,120,91,0,1.42342,0
./WORKING//matrices//impcol_d.pbin,1,10,100,425,118,1270.75,18.0085,21.6102,0.231373,11,406,0,0.109391,0
./WORKING//matrices//init_adder1.pbin,1,10,100,1813,120,10660.4,0.694388,1782.78,2.57802e-05,1.04058,1763,0,5.51579e-06,0
./WORKING//matrices//jagmesh1.pbin,1,10,100,936,117,6233.76,936,936,0.125,7,728,1,0.00707167,1
./WORKING//matrices//jagmesh2.pbin,1,10,100,1009,117,6830.93,1009,1009,0.115956,7,974,1,0.00667078,1
./WORKING//matrices//jagmesh3.pbin,1,10,100,1089,120,7361.64,1089,1089,0.110193,7,980,1,0.00617431,1
./WORKING//matrices//jagmesh4.pbin,1,10,100,1440,119,9648,1440,1440,0.0826389,7,1395,1,0.00463406,1
./WORKING//matrices//jagmesh5.pbin,1,10,100,1180,120,7740.8,1180,1180,0.101695,7,91,1,0.0055325,1
./WORKING//matrices//jagmesh6.pbin,1,10,100,1377,119,8950.5,1377,1377,0.0864198,7,79,1,0.0047011,1
./WORKING//matrices//jagmesh7.pbin,1,10,100,1138,118,7374.24,1138,1138,0.103691,7,903,1,0.00566618,1
./WORKING//matrices//jagmesh8.pbin,1,10,100,1141,119,7621.88,1141,1141,0.104294,7,224,1,0.00582488,1
./WORKING//matrices//jagmesh9.pbin,1,10,100,1349,120,9146.22,1349,1349,0.0889548,7,1024,1,0.00500415,1
./WORKING//matrices//jan99jac020.pbin,1,10,100,6774,120,37460.2,6707.92,6774,0.017542,2.24543,3179,1,923454,0
./WORKING//matrices//jan99jac020sc.pbin,1,10,100,6774,120,37460.2,12834.2,6774,0.0335629,32.32,3179,1,0.00826579,0
./WORKING//matrices//jan99jac040.pbin,1,10,100,13694,120,63677.1,2.5153e+07,13694,16.0957,111374,6771,1,1.1352e+06,0
./WORKING//matrices//jan99jac040sc.pbin,1,10,100,13694,120,63677.1,77903.4,13694,0.0498513,256,6771,1,0.0653262,0
./WORKING//matrices//jan99jac060.pbin,1,10,100,20614,120,78951.6,19980.6,20614,0.00564243,2.24543,1742,1,229575,0
./WORKING//matrices//jan99jac060sc.pbin,1,10,100,20614,120,78951.6,84682.7,20614,0.023914,256,1742,1,0.0342494,0
./WORKING//matrices//jgl009.pbin,1,10,100,9,9,51.75,8,8,1,9,8,3,0.256944,0
./WORKING//matrices//jgl011.pbin,1,10,100,11,11,66,10,10,1,11,10,4,0.224242,0
./WORKING//matrices//jpwh_991.pbin,1,10,100,991,119,6273.03,4755.13,991,0.576186,14,197,1,0.0424131,0
./WORKING//matrices//lap_25.pbin,1,10,100,25,25,178.75,25,25,1,9,6,4,0.2075,1
./WORKING//matrices//lhr01.pbin,1,10,100,1477,120,18876.1,135.393,147.7,0.0744759,2,1120,0,0.00177705,0
./WORKING//matrices//lhr04c.pbin,1,10,100,4101,120,66067.1,395.97,410.1,0.028253,1.15723,3591,0,0.000722442,0
./WORKING//matrices//lhr04.pbin,1,10,100,4101,120,66026.1,395.594,410.1,0.0282261,1.15723,3591,0,0.00072214,0
./WORKING//matrices//lns_131.pbin,1,10,100,131,111,559.37,57.3984,108.577,0.447935,1.18722e+10,111,1,1.10142e+16,0
./WORKING//matrices//lns_3937.pbin,1,10,100,3937,119,26102.3,143761,3176.07,1.36815,4.9779e+10,3202,0,1.2894e+17,0
./WORKING//matrices//lns_511.pbin,1,10,100,511,118,2764.51,686.534,411.398,0.385355,1.80559e+10,421,0,1.62825e+16,0
./WORKING//matrices//lnsp_131.pbin,1,10,100,131,111,559.37,60.8821,110.937,0.465013,1.00307e+10,32,1,1.21725e+16,0
./WORKING//matrices//lnsp3937.pbin,1,10,100,3937,119,23779.5,2.87798e+07,3374.57,257.781,1.05355e+08,87,0,3.60401e+16,0
./WORKING//matrices//lnsp_511.pbin,1,10,100,511,118,2897.37,1065.58,428.72,0.573949,4.52654e+10,57,0,4.67435e+16,0
./WORKING//matrices//lock1074.pbin,1,10,100,1074,118,52196.4,946.576,946.576,0.10987,11,593,0,0.0430562,1
./WORKING//matrices//lock2232.pbin,1,10,100,2232,119,77941.4,2044.44,2044.44,0.0533154,9,148,0,0.0153855,1
./WORKING//matrices//lock3491.pbin,1,10,100,3491,119,153360,3432.33,3432.33,0.0340877,11,477,0,0.0124156,1
./WORKING//matrices//lock_700.pbin,1,10,100,700,118,20958,682.203,682.203,0.168571,13,681,0,0.0407247,1
./WORKING//matrices//lop163.pbin,1,10,100,163,114,951.92,71.5321,163,0.306924,1,36,1,0.00280002,0
./WORKING//matrices//lshp1009.pbin,1,10,100,1009,118,6911.65,1009,1009,0.116947,7,974,1,0.00674922,1
./WORKING//matrices//lshp1270.pbin,1,10,100,1270,118,8724.9,1270,1270,0.0929134,7,1244,1,0.00538426,1
./WORKING//matrices//lshp1561.pbin,1,10,100,1561,119,10802.1,1561,1561,0.0762332,7,1536,1,0.00441617,1
./WORKING//matrices//lshp1882.pbin,1,10,100,1882,120,12891.7,1882,1882,0.063762,7,1817,1,0.00362835,1
./WORKING//matrices//lshp2233.pbin,1,10,100,2233,120,15452.4,2233,2233,0.0537394,7,2171,1,0.00309072,1
./WORKING//matrices//lshp2614.pbin,1,10,100,2614,120,18010.5,2614,2614,0.0459067,7,2521,1,0.00262983,1
./WORKING//matrices//lshp_265.pbin,1,10,100,265,118,1770.2,265,265,0.445283,7,256,1,0.0246569,1
./WORKING//matrices//lshp3025.pbin,1,10,100,3025,120,21054,3025,3025,0.0396694,7,2989,1,0.00229628,1
./WORKING//matrices//lshp3466.pbin,1,10,100,3466,119,24054,3466,3466,0.0343335,7,3434,1,0.00199887,1
./WORKING//matrices//lshp_406.pbin,1,10,100,406,119,2716.14,406,406,0.293103,7,392,1,0.0162432,1
./WORKING//matrices//lshp_577.pbin,1,10,100,577,118,3958.22,577,577,0.204506,7,562,1,0.0117673,1
./WORKING//matrices//lshp_778.pbin,1,10,100,778,120,5235.94,778,778,0.154242,7,759,1,0.00858584,1
./WORKING//matrices//lund_a.pbin,1,10,100,147,114,2601.9,1.34784e+10,147,7.11065e+07,2.81122e+08,23,3,1.0211e+14,1
./WORKING//matrices//lund_b.pbin,1,10,100,147,114,2593.08,243523,147,1284.72,8962.93,23,3,46468.3,1
./WORKING//matrices//lung1.pbin,1,10,100,1650,119,7788,29546.5,1650,1.29147,595.595,172,1,15.2665,0
./WORKING//matrices//m3plates.pbin,1,10,100,11107,119,6997.41,458.434,6906.87,0.000711124,0.128764,0,0,3.16505e-07,1
./WORKING//matrices//mahindas.pbin,1,10,100,1258,119,10642.7,221.995,232.571,0.0902927,2.62855,1241,0,0.0462283,0
./WORKING//matrices//man_5976.pbin,1,10,100,5976,120,227088,5826.6,5826.6,0.0200803,11,431,0,0.00631546,1
./WORKING//matrices//mark3jac020.pbin,1,10,100,9129,119,53130.8,11985.3,8975.57,0.0174064,4788.21,1349,0,1.35365e+07,0
./WORKING//matrices//mark3jac020sc.pbin,1,10,100,9129,119,53130.8,2.01367e+07,8975.57,29.2449,131072,1349,0,174076,0
./WORKING//matrices//mark3jac040.pbin,1,10,100,18289,120,78094,266816,18136.6,0.0965266,7398.76,1349,0,2053.59,0
./WORKING//matrices//mark3jac040sc.pbin,1,10,100,18289,120,78094,3.24996e+07,18136.6,11.7575,131072,1349,0,84688.8,0
./WORKING//matrices//mbeacxc.pbin,1,10,100,496,117,51231.8,14.3198,381.538,0.00885323,2.16154,490,0,8.70047e-05,0
./WORKING//matrices//mbeaflw.pbin,1,10,100,496,117,51231.8,112246,381.538,69.3964,14769.7,490,0,11085.4,0
./WORKING//matrices//mbeause.pbin,1,10,100,496,117,42209.6,112132,381.538,69.3256,15589.2,490,0,11362,0
./WORKING//matrices//mcca.pbin,1,10,100,180,115,2755.8,5.15011e+19,180,1.82797e+17,3.09988e+19,42,1,9.33436e+31,0
./WORKING//matrices//meg1.pbin,1,10,100,2904,120,76230,0,0,-nan,33558.3,2827,0,30709.3,0
./WORKING//matrices//meg4.pbin,1,10,100,5860,120,23147,1.69007e+07,5371.67,64.4286,28571,5749,0,4729.51,1
./WORKING//matrices//memplus.pbin,1,10,100,17758,120,122175,740.118,17758,0.00028164,0.378139,17751,1,2.59384e-07,1
./WORKING//matrices//mesh1e1.pbin,1,10,100,48,48,310.326,221.104,48,4.60634,10.9369,47,4,0.516538,1
./WORKING//matrices//mesh1em1.pbin,1,10,100,48,48,310.326,466.944,48,9.728,43.6386,47,4,3.6426,1
./WORKING//matrices//mesh1em6.pbin,1,10,100,48,48,310.326,157.554,48,3.28237,9.5829,47,4,0.265666,1
./WORKING//matrices//mesh2e1.pbin,1,10,100,306,117,1985.94,8473.06,306,10.5873,228.813,285,1,11.0561,1
./WORKING//matrices//mesh2em5.pbin,1,10,100,306,117,1985.94,3549.35,306,4.43498,146.825,285,1,3.61628,1
./WORKING//matrices//mesh3e1.pbin,1,10,100,289,117,1381.42,1299.26,289,1.82007,8,281,1,0.0861666,1
./WORKING//matrices//mesh3em5.pbin,1,10,100,289,117,1381.42,794.133,289,1.11246,5,281,1,0.0332649,1
./WORKING//matrices//mhda416.pbin,1,10,100,416,117,8594.56,22.4744,170.667,0.0370366,319.685,29,1,147.751,0
./WORKING//matrices//mhdb416.pbin,1,10,100,416,117,2175.68,55.3869,416,0.0374461,1.83334,18,1,0.00013197,1
./WORKING//matrices//msc00726.pbin,1,10,100,726,118,36808.2,3.22591e+11,726,7.22205e+07,3.29807e+09,188,2,1.18683e+15,1
./WORKING//matrices//msc01050.pbin,1,10,100,1050,120,30271.5,3.86769e+08,1050,42097.3,1.20012e+07,772,1,2.33016e+08,1
./WORKING//matrices//msc01440.pbin,1,10,100,1440,119,46972.8,2.58405e+08,1440,14829.4,720080,1393,1,6.27088e+07,1
./WORKING//matrices//msc04515.pbin,1,10,100,4515,120,95311.6,6.41555e+12,4515,3.77659e+07,1.06401e+10,162,1,5.13864e+15,1
./WORKING//matrices//mult_dcop_01.pbin,1,10,100,25187,120,174798,1.25437,23088.1,2.58847e-07,0.000189367,24628,0,3.97031e-07,0
./WORKING//matrices//nasa1824.pbin,1,10,100,1824,120,38814.7,1.02297e+09,1824,36897.4,5.2659e+06,195,1,1.45963e+09,1
./WORKING//matrices//nasa2146.pbin,1,10,100,2146,119,71075.5,1.24572e+10,2146,321889,2.39133e+07,81,1,3.87953e+10,1
./WORKING//matrices//nasa2910.pbin,1,10,100,2910,119,171457,6.15438e+09,2910,86485.9,3.98659e+07,855,1,1.67312e+10,1
./WORKING//matrices//nasa4704.pbin,1,10,100,4704,120,98548.8,5.60916e+09,4704,30419,2.2927e+07,416,1,4.22282e+09,1
./WORKING//matrices//nnc1374.pbin,1,10,100,1374,120,8587.5,0.000296013,870.2,2.97089e-08,460,197,0,43.4583,0
./WORKING//matrices//nnc261.pbin,1,10,100,261,113,1495.53,0.0268361,140.894,8.24641e-05,894.538,64,0,219.533,0
./WORKING//matrices//nnc666.pbin,1,10,100,666,118,4482.18,0.00462814,395.085,2.0755e-06,676.269,100,0,117.211,0
./WORKING//matrices//nopoly.pbin,1,10,100,10774,120,71323.9,115461,10774,0.119361,18,10235,1,0.0137436,1
./WORKING//matrices//nos1.pbin,1,10,100,237,115,1014.36,8.41105e+10,237,1.72207e+08,2.5344e+09,4,1,2.69527e+15,1
./WORKING//matrices//nos2.pbin,1,10,100,957,119,4095.96,2.21444e+13,957,2.87731e+09,1.58515e+11,4,1,2.91174e+18,1
./WORKING//matrices//nos3.pbin,1,10,100,960,118,15984,187588,960,24.0184,498.032,43,1,64.0059,1
./WORKING//matrices//nos4.pbin,1,10,100,100,100,607.368,33.7976,100,0.337976,0.943108,13,2,0.00181002,1
./WORKING//matrices//nos5.pbin,1,10,100,468,117,5218.2,8.32495e+07,468,44470.9,540120,174,1,1.0474e+08,1
./WORKING//matrices//nos6.pbin,1,10,100,675,119,3260.25,4.48113e+08,675,117038,6e+06,30,1,5.14836e+09,1
./WORKING//matrices//nos7.pbin,1,10,100,729,120,4680.18,1.15598e+08,729,26102.1,5.0001e+06,81,1,1.34625e+09,1
./WORKING//matrices//odepa400.pbin,1,10,100,400,118,1200,793.322,400,0.585075,5.08,399,1,0.0150376,0
./WORKING//matrices//odepb400.pbin,1,10,100,400,118,400,7.86203e-12,396.61,5.84781e-15,2.66e-14,0,0,1.00702e-30,1
./WORKING//matrices//olm1000.pbin,1,10,100,1000,119,4000,2.56242e+06,1000,304.928,101722,2,1,1.59263e+06,0
./WORKING//matrices//olm100.pbin,1,10,100,100,100,400,2425.36,100,24.2536,1049.45,2,2,1741.12,0
./WORKING//matrices//olm500.pbin,1,10,100,500,119,2000,326130,500,155.238,25528.6,2,1,196945,0
./WORKING//matrices//orani678.pbin,1,10,100,2529,120,119950,270.374,442.575,0.0289875,1.61776,2309,0,0.00069075,0
./WORKING//matrices//orsirr_1.pbin,1,10,100,1030,119,6983.4,3.10616e+07,1030,3484.15,267083,548,1,3.33404e+06,1
./WORKING//matrices//orsirr_2.pbin,1,10,100,886,118,5847.6,1.79502e+07,886,2698.26,200529,543,1,2.08463e+06,1
./WORKING//matrices//orsreg_1.pbin,1,10,100,2205,118,14045.9,3.11892e+07,2205,756.953,33368.3,441,1,147654,1
./WORKING//matrices//oscil_dcop_01.pbin,1,10,100,430,118,1522.2,8.25911e+06,342.542,6616.56,1.00301e+06,200,0,5.09157e+07,0
./WORKING//matrices//oscil_dcop_02.pbin,1,10,100,430,118,1522.2,8.25945e+06,342.542,6616.83,1.00301e+06,200,0,5.09199e+07,0
./WORKING//matrices//oscil_dcop_03.pbin,1,10,100,430,118,1522.2,8.25915e+06,342.542,6616.6,1.00301e+06,200,0,5.09165e+07,0
./WORKING//matrices//oscil_dcop_04.pbin,1,10,100,430,118,1522.2,8.25909e+06,342.542,6616.55,1.00301e+06,200,0,5.09227e+07,0
./WORKING//matrices//oscil_dcop_05.pbin,1,10,100,430,118,1522.2,8.25908e+06,342.542,6616.54,1.00301e+06,200,0,5.09217e+07,0
./WORKING//matrices//oscil_dcop_06.pbin,1,10,100,430,118,1522.2,8.25958e+06,342.542,6616.94,1.00301e+06,200,0,5.09155e+07,0
./WORKING//matrices//oscil_dcop_07.pbin,1,10,100,430,118,1522.2,8.25923e+06,342.542,6616.66,1.00301e+06,200,0,5.09155e+07,0
./WORKING//matrices//oscil_dcop_08.pbin,1,10,100,430,118,1522.2,8.2591e+06,342.542,6616.55,1.00301e+06,200,0,5.09155e+07,0
./WORKING//matrices//oscil_dcop_09.pbin,1,10,100,430,115,1608.2,1.77716e+07,373.913,12711.2,2e+06,329,0,1.47325e+08,1
./WORKING//matrices//oscil_dcop_10.pbin,1,10,100,430,115,1608.2,1.77716e+07,373.913,12711.2,2e+06,329,0,1.47325e+08,1
./WORKING//matrices//oscil_dcop_11.pbin,1,10,100,430,115,1608.2,1.77716e+07,373.913,12711.2,2e+06,329,0,1.47325e+08,0
./WORKING//matrices//oscil_dcop_12.pbin,1,10,100,430,115,1608.2,1.77716e+07,373.913,12711.2,2e+06,329,0,1.47325e+08,1
./WORKING//matrices//oscil_dcop_13.pbin,1,10,100,430,115,1608.2,1.77716e+07,373.913,12711.2,2e+06,329,0,1.47325e+08,1
./WORKING//matrices//oscil_dcop_14.pbin,1,10,100,430,115,1608.2,1.77716e+07,373.913,12711.2,2e+06,329,0,1.47325e+08,1
./WORKING//matrices//oscil_dcop_15.pbin,1,10,100,430,115,1608.2,1.77716e+07,373.913,12711.2,2e+06,329,0,1.47325e+08,1
./WORKING//matrices//oscil_dcop_16.pbin,1,10,100,430,115,1608.2,1.77716e+07,373.913,12711.2,2e+06,329,0,1.47325e+08,1
./WORKING//matrices//oscil_dcop_17.pbin,1,10,100,430,115,1608.2,1.77716e+07,373.913,12711.2,2e+06,329,0,1.47325e+08,1
./WORKING//matrices//oscil_dcop_18.pbin,1,10,100,430,115,1608.2,1.77716e+07,373.913,12711.2,2e+06,329,0,1.47325e+08,1
./WORKING//matrices//oscil_dcop_19.pbin,1,10,100,430,115,1608.2,1.77716e+07,373.913,12711.2,2e+06,329,0,1.47325e+08,0
./WORKING//matrices//oscil_dcop_20.pbin,1,10,100,430,115,1608.2,1.77716e+07,373.913,12711.2,2e+06,329,0,1.47325e+08,0
./WORKING//matrices//oscil_dcop_21.pbin,1,10,100,430,115,1608.2,1.77716e+07,373.913,12711.2,2e+06,329,0,1.47325e+08,0
./WORKING//matrices//oscil_dcop_22.pbin,1,10,100,430,115,1608.2,1.77716e+07,373.913,12711.2,2e+06,329,0,1.47325e+08,0
./WORKING//matrices//oscil_dcop_23.pbin,1,10,100,430,115,1608.2,1.77716e+07,373.913,12711.2,2e+06,329,0,1.47325e+08,0
./WORKING//matrices//oscil_dcop_24.pbin,1,10,100,430,115,1608.2,1.77716e+07,373.913,12711.2,2e+06,329,0,1.47325e+08,0
./WORKING//matrices//oscil_dcop_25.pbin,1,10,100,430,115,1608.2,1.77716e+07,373.913,12711.2,2e+06,329,0,1.47325e+08,0
./WORKING//matrices//oscil_dcop_26.pbin,1,10,100,430,115,1608.2,1.77716e+07,373.913,12711.2,2e+06,329,0,1.47325e+08,1
./WORKING//matrices//oscil_dcop_27.pbin,1,10,100,430,115,1608.2,1.77716e+07,373.913,12711.2,2e+06,329,0,1.47325e+08,1
./WORKING//matrices//oscil_dcop_28.pbin,1,10,100,430,115,1608.2,1.77716e+07,373.913,12711.2,2e+06,329,0,1.47325e+08,1
./WORKING//matrices//oscil_dcop_29.pbin,1,10,100,430,115,1608.2,1.77716e+07,373.913,12711.2,2e+06,329,0,1.47325e+08,1
./WORKING//matrices//oscil_dcop_30.pbin,1,10,100,430,115,1608.2,1.77716e+07,373.913,12711.2,2e+06,329,0,1.47325e+08,1
./WORKING//matrices//oscil_dcop_31.pbin,1,10,100,430,115,1608.2,1.77716e+07,373.913,12711.2,2e+06,329,0,1.47325e+08,1
./WORKING//matrices//oscil_dcop_32.pbin,1,10,100,430,115,1608.2,1.77716e+07,373.913,12711.2,2e+06,329,0,1.47325e+08,1
./WORKING//matrices//oscil_dcop_33.pbin,1,10,100,430,115,1608.2,1.77716e+07,373.913,12711.2,2e+06,329,0,1.47325e+08,1
./WORKING//matrices//oscil_dcop_34.pbin,1,10,100,430,115,1608.2,1.77716e+07,373.913,12711.2,2e+06,329,0,1.47325e+08,1
./WORKING//matrices//oscil_dcop_35.pbin,1,10,100,430,115,1608.2,1.77716e+07,373.913,12711.2,2e+06,329,0,1.47325e+08,1
./WORKING//matrices//oscil_dcop_36.pbin,1,10,100,430,115,1608.2,1.77716e+07,373.913,12711.2,2e+06,329,0,1.47325e+08,1
./WORKING//matrices//oscil_dcop_37.pbin,1,10,100,430,115,1608.2,1.77716e+07,373.913,12711.2,2e+06,329,0,1.47325e+08,1
./WORKING//matrices//oscil_dcop_38.pbin,1,10,100,430,115,1608.2,1.77716e+07,373.913,12711.2,2e+06,329,0,1.47325e+08,1
./WORKING//matrices//oscil_dcop_39.pbin,1,10,100,430,115,1608.2,1.77716e+07,373.913,12711.2,2e+06,329,0,1.47325e+08,1
./WORKING//matrices//oscil_dcop_40.pbin,1,10,100,430,115,1608.2,1.77716e+07,373.913,12711.2,2e+06,329,0,1.47325e+08,0
./WORKING//matrices//oscil_dcop_41.pbin,1,10,100,430,115,1608.2,1.77716e+07,373.913,12711.2,2e+06,329,0,1.47325e+08,0
./WORKING//matrices//oscil_dcop_42.pbin,1,10,100,430,115,1608.2,1.77716e+07,373.913,12711.2,2e+06,329,0,1.47325e+08,0
./WORKING//matrices//oscil_dcop_43.pbin,1,10,100,430,115,1608.2,1.77716e+07,373.913,12711.2,2e+06,329,0,1.47325e+08,0
./WORKING//matrices//oscil_dcop_44.pbin,1,10,100,430,115,1608.2,1.77716e+07,373.913,12711.2,2e+06,329,0,1.47325e+08,0
./WORKING//matrices//oscil_dcop_45.pbin,1,10,100,430,115,1608.2,1.77716e+07,373.913,12711.2,2e+06,329,0,1.47325e+08,0
./WORKING//matrices//oscil_dcop_46.pbin,1,10,100,430,115,1608.2,1.77716e+07,373.913,12711.2,2e+06,329,0,1.47325e+08,1
./WORKING//matrices//oscil_dcop_47.pbin,1,10,100,430,115,1608.2,1.77716e+07,373.913,12711.2,2e+06,329,0,1.47325e+08,1
./WORKING//matrices//oscil_dcop_48.pbin,1,10,100,430,115,1608.2,1.77716e+07,373.913,12711.2,2e+06,329,0,1.47325e+08,1
./WORKING//matrices//oscil_dcop_49.pbin,1,10,100,430,115,1608.2,1.77716e+07,373.913,12711.2,2e+06,329,0,1.47325e+08,1
./WORKING//matrices//oscil_dcop_50.pbin,1,10,100,430,115,1608.2,1.77716e+07,373.913,12711.2,2e+06,329,0,1.47325e+08,1
./WORKING//matrices//oscil_dcop_51.pbin,1,10,100,430,115,1608.2,1.77716e+07,373.913,12711.2,2e+06,329,0,1.47325e+08,1
./WORKING//matrices//oscil_dcop_52.pbin,1,10,100,430,115,1608.2,1.77716e+07,373.913,12711.2,2e+06,329,0,1.47325e+08,1
./WORKING//matrices//oscil_dcop_53.pbin,1,10,100,430,115,1608.2,1.77716e+07,373.913,12711.2,2e+06,329,0,1.47325e+08,1
./WORKING//matrices//oscil_dcop_54.pbin,1,10,100,430,115,1608.2,1.77716e+07,373.913,12711.2,2e+06,329,0,1.47325e+08,1
./WORKING//matrices//oscil_dcop_55.pbin,1,10,100,430,117,1539.4,8.31085e+06,352.821,6409.28,1.00201e+06,201,0,5.18482e+07,0
./WORKING//matrices//oscil_dcop_56.pbin,1,10,100,430,117,1539.4,8.31085e+06,352.821,6409.28,1.00201e+06,201,0,5.18482e+07,0
./WORKING//matrices//oscil_dcop_57.pbin,1,10,100,430,117,1539.4,8.31085e+06,352.821,6409.28,1.00201e+06,201,0,5.18482e+07,0
./WORKING//matrices//oscil_trans_01.pbin,1,10,100,430,117,1629.7,1.12577e+07,393.248,7789.36,1.00201e+06,201,0,6.67328e+07,0
./WORKING//matrices//pcrystk02.pbin,1,10,100,13965,120,956044,13965,13965,0.00859291,9,461,1,0.00487747,1
./WORKING//matrices//pcrystk03.pbin,1,10,100,24696,120,1.72255e+06,24696,24696,0.00485909,9,572,1,0.00281614,1
./WORKING//matrices//pde225.pbin,1,10,100,225,113,1073.25,961.962,225,2.14719,13.3223,15,1,0.118261,1
./WORKING//matrices//pde2961.pbin,1,10,100,2961,120,14568.1,10866.5,2961,0.148729,7.57668,47,1,0.00583746,1
./WORKING//matrices//pde900.pbin,1,10,100,900,120,4347,3861.81,900,0.57212,10.634,30,1,0.0261915,1
./WORKING//matrices//pesa.pbin,1,10,100,11738,119,80287.9,131584,11738,0.113648,28,11089,1,0.0136338,1
./WORKING//matrices//pivtol.pbin,1,10,100,102,102,306,4.87418,102,0.0477861,2,101,2,1.6077e-05,0
./WORKING//matrices//pkustk01.pbin,1,10,100,22044,120,955607,22044,22044,0.00544366,6,20450,1,0.00196203,1
./WORKING//matrices//pkustk02.pbin,1,10,100,10800,120,746496,10800,10800,0.0111111,10,10673,1,0.00635365,1
./WORKING//matrices//plat1919.pbin,1,10,100,1919,120,32431.1,471.837,1919,0.0153753,1.32106,1297,1,8.74485e-05,1
./WORKING//matrices//plat362.pbin,1,10,100,362,116,5940.42,65.1782,362,0.0576957,0.721803,249,2,0.000193047,1
./WORKING//matrices//plsk1919.pbin,1,10,100,1919,120,9921.23,0,0,-nan,0.506827,1296,0,0.000123754,1
./WORKING//matrices//plskz362.pbin,1,10,100,362,116,1795.52,0,0,-nan,0.791965,248,0,0.00051215,1
./WORKING//matrices//poisson2D.pbin,1,10,100,367,115,2396.51,191.763,367,0.163731,0.888857,348,1,0.000874671,1
./WORKING//matrices//poli_large.pbin,1,10,100,15575,120,33797.8,15575,15575,0.00770465,8,15446,1,0.000110227,0
./WORKING//matrices//poli.pbin,1,10,100,4008,120,8136.24,4008,4008,0.0299401,2,3652,1,0.000370561,0
./WORKING//matrices//pores_1.pbin,1,10,100,30,30,182.4,6.08495e+07,30,2.02832e+06,3.89616e+07,11,4,5.88001e+11,0
./WORKING//matrices//pores_2.pbin,1,10,100,1224,120,8396.64,7.62259e+08,1224,61055,4.33451e+07,265,1,7.61408e+09,0
./WORKING//matrices//pores_3.pbin,1,10,100,532,119,3383.52,4.26354e+06,532,1792.64,63367.2,77,1,1.04827e+06,0
./WORKING//matrices//problem1.pbin,1,10,100,415,118,2784.65,1352.72,415,0.926817,7.23231,315,1,0.0332112,1
./WORKING//matrices//radfr1.pbin,1,10,100,1048,120,13341,174.41,157.2,0.127039,22.7386,948,0,0.0236497,0
./WORKING//matrices//raefsky5.pbin,1,10,100,6316,119,165353,1.12576e+11,6316,335821,2.94918e+08,3035,1,1.7674e+11,0
./WORKING//matrices//raefsky6.pbin,1,10,100,3402,120,136658,1.9656e+16,3402,2.03802e+11,1.9163e+14,291,1,1.04069e+23,0
./WORKING//matrices//rajat01.pbin,1,10,100,6833,120,37786.5,5921.93,5921.93,0.0175618,23,6826,0,0.000808477,1
./WORKING//matrices//rajat02.pbin,1,10,100,1960,120,9956.8,1796.67,1796.67,0.0612245,10,1949,0,0.00257873,1
./WORKING//matrices//rajat03.pbin,1,10,100,7602,120,33372.8,94391.8,6968.5,0.21382,20,7593,0,0.0547298,1
./WORKING//matrices//rajat04.pbin,1,10,100,1041,118,6443.79,271951,926.314,33.2786,21126.6,1012,0,228.987,0
./WORKING//matrices//rajat05.pbin,1,10,100,301,113,1243.13,177.301,293.009,0.227166,5.14556,298,1,0.00648645,0
./WORKING//matrices//rajat06.pbin,1,10,100,10922,120,46090.8,9920.82,9920.82,0.010987,2,10913,0,0.000386254,1
./WORKING//matrices//rajat07.pbin,1,10,100,14842,120,64859.5,13605.2,13605.2,0.00808516,2,14833,0,0.000294364,1
./WORKING//matrices//rajat08.pbin,1,10,100,19362,120,84031.1,17748.5,17748.5,0.00619771,2,19353,0,0.000224109,1
./WORKING//matrices//rajat11.pbin,1,10,100,135,113,638.55,65.5188,131.416,0.417314,15.001,133,1,0.0349415,0
./WORKING//matrices//rajat12.pbin,1,10,100,1879,119,11762.5,15878.6,1736.89,0.578975,464.801,1877,1,0.0340842,1
./WORKING//matrices//rajat13.pbin,1,10,100,7598,120,36622.4,8.87424e+07,7218.1,194.174,399999,7594,1,216901,0
./WORKING//matrices//rajat14.pbin,1,10,100,180,117,1193.4,131478,166.154,514.345,38389.3,177,1,8744.43,0
./WORKING//matrices//rbsa480.pbin,1,10,100,480,118,16430.4,3681.36,77.2881,11.7094,991,477,2,224.664,0
./WORKING//matrices//rbsb480.pbin,1,10,100,480,118,16502.4,4470.51,81.3559,13.5085,977,477,2,238.423,0
./WORKING//matrices//rdb2048.pbin,1,10,100,2048,119,12083.2,52843.1,2048,1.49925,61.722,64,1,0.504245,1
./WORKING//matrices//rdb5000.pbin,1,10,100,5000,120,29800,308909,5000,1.48276,134.298,100,1,1.10316,1
./WORKING//matrices//rdb968.pbin,1,10,100,968,119,5662.8,11865.5,968,1.5069,39.074,44,1,0.298143,1
./WORKING//matrices//rdist1.pbin,1,10,100,4134,120,94420.6,131.527,585.65,0.00651909,2.34781,3934,0,0.00125947,0
./WORKING//matrices//rdist2.pbin,1,10,100,3198,120,56764.5,1312.85,479.7,0.102695,22.9945,2982,0,0.0133563,0
./WORKING//matrices//rdist3a.pbin,1,10,100,2398,120,63211.3,6762.95,499.583,0.677424,169.525,2275,0,6.22946,0
./WORKING//matrices//rgg010.pbin,1,10,100,10,10,70,10,10,1,10,9,4,0.153333,0
./WORKING//matrices//rw136.pbin,1,10,100,136,111,492.32,0,0,-nan,1,15,0,0.00279166,0
./WORKING//matrices//rw496.pbin,1,10,100,496,116,1904.64,0,0,-nan,1,30,0,0.000727213,0
./WORKING//matrices//saylr3.pbin,1,10,100,1000,120,3730,800.924,1000,0.0961109,4.661,100,1,0.00152438,1
./WORKING//matrices//saylr4.pbin,1,10,100,3564,118,22061.2,1.99979e+07,3564,185.776,13304.8,198,1,14846.1,1
./WORKING//matrices//sherman1.pbin,1,10,100,1000,120,3730,809.258,1000,0.0971109,5.008,100,1,0.00152438,1
./WORKING//matrices//sherman2.pbin,1,10,100,1080,118,23770.8,4.08826e+09,1080,413593,1.01793e+09,221,1,3.00376e+13,0
./WORKING//matrices//sherman4.pbin,1,10,100,1104,119,3444.48,7944.95,1104,0.775711,42.7936,368,1,0.18694,1
./WORKING//matrices//sherman5.pbin,1,10,100,3312,119,21031.2,128216,3312,1.39094,712.071,1106,1,15.3603,0
./WORKING//matrices//shermanACa.pbin,1,10,100,3432,120,24401.5,1131.53,3432,0.011528,12.1006,2997,1,0.00212795,0
./WORKING//matrices//shermanACb.pbin,1,10,100,18510,119,115132,8462.89,18510,0.00293936,10.4816,17773,1,0.000580019,0
./WORKING//matrices//shermanACd.pbin,1,10,100,6136,120,39025,1004.64,6136,0.00320201,7.69403,5984,1,0.0004678,0
./WORKING//matrices//shl_0.pbin,1,10,100,663,119,1670.76,27.8571,27.8571,0.179487,16112,534,0,510.662,0
./WORKING//matrices//shl_200.pbin,1,10,100,663,119,1723.8,27.8571,27.8571,0.179487,16335,538,0,503.459,0
./WORKING//matrices//shl_400.pbin,1,10,100,663,119,1730.43,16.7143,16.7143,0.179487,16152,538,0,500.575,0
./WORKING//matrices//shuttle_eddy.pbin,1,10,100,10429,120,100223,10429,10429,0.0115064,4,9419,1,0.000920682,1
./WORKING//matrices//shyy41.pbin,1,10,100,4720,120,20060,79578.3,2792.67,0.724461,98.201,40,0,0.209434,0
./WORKING//matrices//sinc12.pbin,1,10,100,7500,120,293400,0,0,-nan,224.517,6785,0,1.10886e+09,0
./WORKING//matrices//skirt.pbin,1,10,100,12598,120,201820,12598,12598,0.00952532,9,704,1,0.00126984,1
./WORKING//matrices//sphere2.pbin,1,10,100,66,66,453.344,66,66,1,7,19,5,0.0946196,1
./WORKING//matrices//sphere3.pbin,1,10,100,258,116,1800.84,258,258,0.449612,7,47,1,0.0264242,1
./WORKING//matrices//sstmodel.pbin,1,10,100,3345,120,22913.2,3345,3345,0.0358744,3,109,1,0.00204278,1
./WORKING//matrices//steam1.pbin,1,10,100,240,114,2191.2,5.28904e+08,240,1.04679e+06,2.17162e+07,144,2,9.95876e+10,0
./WORKING//matrices//steam2.pbin,1,10,100,600,119,6054,6.24711e+11,600,2.06502e+08,4.62552e+09,330,1,6.99212e+15,0
./WORKING//matrices//steam3.pbin,1,10,100,80,80,318.933,2.78783e+10,80,3.48479e+08,1.73857e+10,40,1,5.69558e+16,0
./WORKING//matrices//str_0.pbin,1,10,100,363,117,2555.52,3.10256,3.10256,0.322314,4,206,0,0.00681718,0
./WORKING//matrices//str_200.pbin,1,10,100,363,117,3259.74,3.10256,3.10256,0.322314,5,295,0,0.00928832,0
./WORKING//matrices//str_400.pbin,1,10,100,363,117,3568.29,3.10256,3.10256,0.322314,17.225,334,0,0.0168136,0
./WORKING//matrices//str_600.pbin,1,10,100,363,117,3680.82,3.10256,3.10256,0.322314,16.891,334,0,0.0164639,0
./WORKING//matrices//struct4.pbin,1,10,100,4350,120,252082,4350,4350,0.0275862,10,548,1,0.0131205,1
./WORKING//matrices//swang1.pbin,1,10,100,3169,120,20598.5,31.8459,3169,0.000380531,0.0175323,2962,1,3.62989e-08,1
./WORKING//matrices//swang2.pbin,1,10,100,3169,120,20598.5,34.3776,3169,0.000410783,0.022214,2962,1,4.25031e-08,1
./WORKING//matrices//tandem_vtx.pbin,1,10,100,18454,120,257064,18454,18454,0.00650266,3,18411,1,0.000754289,1
./WORKING//matrices//thermal.pbin,1,10,100,3456,120,66562.6,2029.06,3456,0.0203858,0.887002,2297,1,0.000134525,1
./WORKING//matrices//tub100.pbin,1,10,100,100,100,400,96148.8,100,961.488,2032.21,2,3,14185.1,1
./WORKING//matrices//utm1700b.pbin,1,10,100,1700,120,20281,935.364,1700,0.0388386,2.61797,174,1,0.000588445,0
./WORKING//matrices//utm300.pbin,1,10,100,300,115,3144,187.362,300,0.239408,2.92566,54,1,0.00334194,0
./WORKING//matrices//utm5940.pbin,1,10,100,5940,120,76388.4,3554.9,5940,0.0120902,1.41421,334,1,0.000168369,0
./WORKING//matrices//wang1.pbin,1,10,100,2903,119,19305,591.747,2903,0.00835582,1.19692,224,1,3.03718e-05,1
./WORKING//matrices//wang2.pbin,1,10,100,2903,119,19305,560.813,2903,0.00791901,1.19692,224,1,2.63936e-05,1
./WORKING//matrices//watt_1.pbin,1,10,100,1856,120,11544.3,386.667,1856,0.0134698,1,64,1,2.69397e-05,1
./WORKING//matrices//watt_2.pbin,1,10,100,1856,120,11674.2,371.2,1856,0.012931,2,64,1,2.69397e-05,0
./WORKING//matrices//west0067.pbin,1,10,100,67,67,289.613,0.188005,2,0.0940025,6.59006,59,1,0.0397607,0
./WORKING//matrices//west0132.pbin,1,10,100,132,111,423.72,3.27318,5.94595,0.462911,317301,93,0,8.71099e+06,0
./WORKING//matrices//west0156.pbin,1,10,100,156,113,379.08,0,0,-nan,1.90239e+07,147,0,2.23509e+10,0
./WORKING//matrices//west0167.pbin,1,10,100,167,114,484.3,44.8354,16.114,1.89935,317697,158,0,1.83925e+07,0
./WORKING//matrices//west0479.pbin,1,10,100,479,115,1892.05,0,0,-nan,20034.2,387,0,2.09775e+06,0
./WORKING//matrices//west0497.pbin,1,10,100,497,119,2012.85,28689.6,12.5294,548.258,16079.6,416,0,1.91443e+07,0
./WORKING//matrices//west0655.pbin,1,10,100,655,118,2751,5.55085,5.55085,0.180153,5277.86,513,0,710.65,0
./WORKING//matrices//west0989.pbin,1,10,100,989,116,3748.31,9.9538,17.0517,0.0684672,19787.8,441,0,1.03052e+06,0
./WORKING//matrices//west1505.pbin,1,10,100,1505,119,5719,14.7652,25.2941,0.0461563,3343.29,1369,0,4379.87,0
./WORKING//matrices//west2021.pbin,1,10,100,2021,120,7275.6,20.2843,33.6833,0.0357568,152.601,717,0,1.00042e+06,0
./WORKING//matrices//will199.pbin,1,10,100,199,113,688.54,29.9381,29.9381,0.567839,6,167,0,0.0171073,0
./WORKING//matrices//will57.pbin,1,10,100,57,57,267.462,57,57,1,11,44,2,0.0757784,0
./WORKING//matrices//young3c.pbin,1,10,100,841,119,4019.98,146484,841,24.6459,410.46,30,1,52.9775,0
./WORKING//matrices//zenios.pbin,1,10,100,2873,119,1321.58,0,0,-nan,1.05713,624,0,1.51163e-05,1
