Matrix Name, Comm Size , Edge, Interior ,Dimension,npoints,nnz,AvgNonzerosPerRow,AbsoluteNonZeroSum,Trace,AbsoluteTrace,DiagonalMean,DiagonalNonZeros,DiagonalAverage,FrobeniusNorn,RowVariance,AvgDiagonalDistance,InfinityNorm,MaxNonZeroPerRow,DiagonalSign,lowerBandwidth,upperBandwidth,RowDiagonalDominance,MinNonZeroPerRow,OneNorm,ColumnDiagonalDominance,ColumnVariance,Symmetricity,NonZeroPatternSymmetry,SymmeticInfinityNorm,AntiSymmetricFrobeniusNorm,SymmetricFrobeniusNorm,AntiSymmerticInfinityNorm
./moose100/AC_mobility_derivative_coupled_test_10_1_1.mat,1,10,10,20164,30,235919,11.7,3.72896e+06,1.42598e+06,1.42598e+06,70.7191,20164,0.105216,787798,1312.31,214.495,301.715,1,2,568,413,0,1,404.185,0,0.757024,0,0,301.802,0,730457,0
./moose100/AC_mobility_derivative_coupled_test_10_2_1.mat,1,10,10,20164,30,235919,11.7,3.72896e+06,1.42603e+06,1.42603e+06,70.7218,20164,0.10522,787798,1312.31,214.495,301.715,1,2,568,413,0,1,404.175,0,0.757024,0,0,301.798,0,730457,0
./moose100/AC_mobility_derivative_coupled_test_10_3_1.mat,1,10,10,20164,30,254066,12.6,4.35974e+06,1.53278e+06,1.53278e+06,76.0157,20164,0.113096,893907,1694.19,206.172,301.715,1,2,568,287,0,1,404.174,0,0.974693,0,0,301.797,0,829960,0
./moose100/AC_mobility_derivative_coupled_test_10_4_1.mat,1,10,10,20164,30,254066,12.6,4.35974e+06,1.53278e+06,1.53278e+06,76.0157,20164,0.113096,893907,1694.19,206.172,301.715,1,2,568,287,0,1,404.174,0,0.974693,0,0,301.797,0,829960,0
./moose100/AC_mobility_derivative_coupled_test_10_5_1.mat,1,10,10,20164,30,254066,12.6,4.35974e+06,1.53278e+06,1.53278e+06,76.0157,20164,0.113096,893907,1694.19,206.172,301.715,1,2,568,287,0,1,404.174,0,0.974693,0,0,301.797,0,829960,0
./moose100/AC_mobility_derivative_coupled_test_1_1_1.mat,1,10,10,20164,30,290362,14.4,5.26468e+06,1.57901e+06,1.57901e+06,78.3085,20164,0.116507,1.01228e+06,2118.88,203.985,290.273,1,2,568,287,0,1,395.472,0,1.24995,0,0,290.803,0,928175,0
./moose100/AC_mobility_derivative_coupled_test_1_2_1.mat,1,10,10,20164,30,290362,14.4,5.26468e+06,1.57897e+06,1.57897e+06,78.3062,20164,0.116504,1.01228e+06,2118.88,203.985,290.273,1,2,568,287,0,1,395.484,0,1.24995,0,0,290.807,0,928175,0
./moose100/AC_mobility_derivative_coupled_test_1_3_1.mat,1,10,10,20164,30,290362,14.4,5.26468e+06,1.57897e+06,1.57897e+06,78.3062,20164,0.116504,1.01228e+06,2118.88,203.985,290.273,1,2,568,287,0,1,395.483,0,1.24995,0,0,290.808,0,928175,0
./moose100/AC_mobility_derivative_coupled_test_1_4_1.mat,1,10,10,20164,30,290362,14.4,5.26468e+06,1.57897e+06,1.57897e+06,78.3062,20164,0.116504,1.01228e+06,2118.88,203.985,290.273,1,2,568,287,0,1,395.483,0,1.24995,0,0,290.808,0,928175,0
./moose100/AC_mobility_derivative_coupled_test_1_5_1.mat,1,10,10,20164,30,290362,14.4,5.26468e+06,1.57897e+06,1.57897e+06,78.3062,20164,0.116504,1.01228e+06,2118.88,203.985,290.273,1,2,568,287,0,1,395.483,0,1.24995,0,0,290.808,0,928175,0
./moose100/AC_mobility_derivative_coupled_test_1_6_1.mat,1,10,10,20164,30,254066,12.6,3.92289e+06,1.36537e+06,1.36537e+06,67.7134,20164,0.100744,834366,1438.1,206.172,290.273,1,2,568,287,0,1,395.483,0,0.84918,0,0,290.808,0,764666,0
./moose100/AC_mobility_derivative_coupled_test_2_1_1.mat,1,10,10,20164,30,254066,12.6,4.35818e+06,1.54256e+06,1.54256e+06,76.5009,20164,0.113818,893804,1693.84,206.172,301.715,1,2,568,287,0,1,404.675,0,0.974468,0,0,302.02,0,829875,0
./moose100/AC_mobility_derivative_coupled_test_2_2_1.mat,1,10,10,20164,30,254066,12.6,4.35818e+06,1.54255e+06,1.54255e+06,76.5001,20164,0.113817,893804,1693.84,206.172,301.715,1,2,568,287,0,1,404.678,0,0.974468,0,0,302.022,0,829875,0
./moose100/AC_mobility_derivative_coupled_test_2_3_1.mat,1,10,10,20164,30,290362,14.4,5.62072e+06,1.75613e+06,1.75613e+06,87.0921,20164,0.129576,1.0751e+06,2457.71,204,301.715,1,2,568,287,0,1,404.678,0,1.40988,0,0,302.022,0,999636,0
./moose100/AC_mobility_derivative_coupled_test_2_4_1.mat,1,10,10,20164,30,290362,14.4,5.62072e+06,1.75613e+06,1.75613e+06,87.0921,20164,0.129576,1.0751e+06,2457.71,204,301.715,1,2,568,287,0,1,404.678,0,1.40988,0,0,302.022,0,999636,0
./moose100/AC_mobility_derivative_coupled_test_2_5_1.mat,1,10,10,20164,30,290362,14.4,5.62072e+06,1.75613e+06,1.75613e+06,87.0921,20164,0.129576,1.0751e+06,2457.71,204,301.715,1,2,568,287,0,1,404.678,0,1.40988,0,0,302.022,0,999636,0
./moose100/AC_mobility_derivative_coupled_test_3_1_1.mat,1,10,10,20164,30,326657,16.2,6.88319e+06,1.9702e+06,1.9702e+06,97.7088,20164,0.145371,1.22996e+06,3221.6,202.316,301.715,1,2,568,287,0,1,404.28,0,1.8453,0,0,301.872,0,1.14449e+06,0
./moose100/AC_mobility_derivative_coupled_test_3_2_1.mat,1,10,10,20164,30,326657,16.2,6.88319e+06,1.9702e+06,1.9702e+06,97.7087,20164,0.145371,1.22996e+06,3221.6,202.316,301.715,1,2,568,287,0,1,404.279,0,1.8453,0,0,301.874,0,1.14449e+06,0
./moose100/AC_mobility_derivative_coupled_test_3_3_1.mat,1,10,10,20164,30,272214,13.5,4.9896e+06,1.64985e+06,1.64985e+06,81.8215,20164,0.121734,988627,2075.81,205,301.715,1,2,568,287,0,1,404.279,0,1.1922,0,0,301.874,0,918694,0
./moose100/AC_mobility_derivative_coupled_test_3_4_1.mat,1,10,10,20164,30,272214,13.5,4.9896e+06,1.64985e+06,1.64985e+06,81.8215,20164,0.121734,988627,2075.81,205,301.715,1,2,568,287,0,1,404.279,0,1.1922,0,0,301.874,0,918694,0
./moose100/AC_mobility_derivative_coupled_test_3_5_1.mat,1,10,10,20164,30,290362,14.4,5.62079e+06,1.75663e+06,1.75663e+06,87.1172,20164,0.129613,1.07511e+06,2457.74,203.985,301.715,1,2,568,287,0,1,404.279,0,1.4099,0,0,301.874,0,999643,0
./moose100/AC_mobility_derivative_coupled_test_4_1_1.mat,1,10,10,20164,30,290362,14.4,5.62087e+06,1.75636e+06,1.75636e+06,87.1038,20164,0.129593,1.07511e+06,2457.77,203.985,301.715,1,2,568,287,0,1,404.053,0,1.40992,0,0,301.795,0,999649,0
./moose100/AC_mobility_derivative_coupled_test_4_2_1.mat,1,10,10,20164,30,290362,14.4,5.62087e+06,1.75636e+06,1.75636e+06,87.1038,20164,0.129593,1.07511e+06,2457.77,203.985,301.715,1,2,568,287,0,1,404.052,0,1.40992,0,0,301.798,0,999649,0
./moose100/AC_mobility_derivative_coupled_test_4_3_1.mat,1,10,10,20164,30,272214,13.5,4.98974e+06,1.64959e+06,1.64959e+06,81.8084,20164,0.121715,988637,2075.85,205,301.715,1,2,568,287,0,1,404.052,0,1.19223,0,0,301.799,0,918703,0
./moose100/AC_mobility_derivative_coupled_test_4_4_1.mat,1,10,10,20164,30,272214,13.5,4.98974e+06,1.64959e+06,1.64959e+06,81.8084,20164,0.121715,988637,2075.85,205,301.715,1,2,568,287,0,1,404.052,0,1.19223,0,0,301.799,0,918703,0
./moose100/AC_mobility_derivative_coupled_test_4_5_1.mat,1,10,10,20164,30,290362,14.4,5.62087e+06,1.75636e+06,1.75636e+06,87.1038,20164,0.129593,1.07511e+06,2457.77,204,301.715,1,2,568,288,0,1,404.052,0,1.40992,0,0,301.799,0,999649,0
./moose100/AC_mobility_derivative_coupled_test_5_1_1.mat,1,10,10,20164,30,290362,14.4,5.62094e+06,1.75546e+06,1.75546e+06,87.0593,20164,0.129527,1.07512e+06,2457.8,204,301.715,1,2,568,288,0,1,403.947,0,1.40994,0,0,301.778,0,999655,0
./moose100/AC_mobility_derivative_coupled_test_5_2_1.mat,1,10,10,20164,30,308509,15.3,6.25235e+06,1.86223e+06,1.86223e+06,92.3542,20164,0.137405,1.15514e+06,2839.72,203.098,301.715,1,2,568,287,0,1,404.121,0,1.62763,0,0,301.779,0,1.07452e+06,0
./moose100/AC_mobility_derivative_coupled_test_5_3_1.mat,1,10,10,20164,30,308509,15.3,6.25235e+06,1.86223e+06,1.86223e+06,92.3542,20164,0.137405,1.15514e+06,2839.72,203.098,301.715,1,2,568,287,0,1,404.121,0,1.62763,0,0,301.779,0,1.07452e+06,0
./moose100/AC_mobility_derivative_coupled_test_5_4_1.mat,1,10,10,20164,30,308509,15.3,6.25235e+06,1.86223e+06,1.86223e+06,92.3542,20164,0.137405,1.15514e+06,2839.72,203.098,301.715,1,2,568,287,0,1,404.121,0,1.62763,0,0,301.779,0,1.07452e+06,0
./moose100/AC_mobility_derivative_coupled_test_5_5_1.mat,1,10,10,20164,30,241968,12,3.95161e+06,1.47483e+06,1.47483e+06,73.1417,20164,0.10882,813071,1395.07,186.682,301.715,1,2,568,287,0,1,403.947,0,0.806378,0,0,301.779,0,753139,0
./moose100/AC_mobility_derivative_coupled_test_6_1_1.mat,1,10,10,20164,30,241968,12,3.9517e+06,1.47348e+06,1.47348e+06,73.075,20164,0.108721,813085,1395.12,186.682,301.715,1,2,568,287,0,1,403.971,0,0.806406,0,0,301.775,0,753151,0
./moose100/AC_mobility_derivative_coupled_test_6_2_1.mat,1,10,10,20164,30,241968,12,3.9517e+06,1.47348e+06,1.47348e+06,73.0746,20164,0.10872,813085,1395.12,186.682,301.715,1,2,568,287,0,1,403.974,0,0.806406,0,0,301.776,0,753151,0
./moose100/AC_mobility_derivative_coupled_test_6_3_1.mat,1,10,10,20164,30,241968,12,3.9517e+06,1.47348e+06,1.47348e+06,73.0746,20164,0.10872,813085,1395.12,186.682,301.715,1,2,568,287,0,1,403.974,0,0.806406,0,0,301.776,0,753151,0
./moose100/AC_mobility_derivative_coupled_test_6_4_1.mat,1,10,10,20164,30,254066,12.6,4.35901e+06,1.54057e+06,1.54057e+06,76.4019,20164,0.113671,893860,1694.03,204.948,301.715,1,2,568,287,0,1,403.974,0,0.974589,0,0,301.776,0,829921,0
./moose100/AC_mobility_derivative_coupled_test_7_1_1.mat,1,10,10,20164,30,254066,12.6,4.35921e+06,1.53891e+06,1.53891e+06,76.3198,20164,0.113549,893873,1694.07,204.948,301.715,1,2,568,287,0,1,404.014,0,0.974617,0,0,301.778,0,829932,0
./moose100/AC_mobility_derivative_coupled_test_7_2_1.mat,1,10,10,20164,30,254066,12.6,4.35921e+06,1.5389e+06,1.5389e+06,76.3191,20164,0.113548,893873,1694.07,204.948,301.715,1,2,568,287,0,1,404.017,0,0.974617,0,0,301.779,0,829932,0
./moose100/AC_mobility_derivative_coupled_test_7_3_1.mat,1,10,10,20164,30,290362,14.4,5.62108e+06,1.75241e+06,1.75241e+06,86.908,20164,0.129302,1.07514e+06,2457.86,207.299,301.715,1,2,568,436,0,1,404.017,0,1.40998,0,0,301.779,0,999667,0
./moose100/AC_mobility_derivative_coupled_test_7_4_1.mat,1,10,10,20164,30,290362,14.4,5.62108e+06,1.75241e+06,1.75241e+06,86.908,20164,0.129302,1.07514e+06,2457.86,207.299,301.715,1,2,568,436,0,1,404.017,0,1.40998,0,0,301.779,0,999667,0
./moose100/AC_mobility_derivative_coupled_test_8_1_1.mat,1,10,10,20164,30,290362,14.4,5.62163e+06,1.75052e+06,1.75052e+06,86.8142,20164,0.129162,1.07514e+06,2457.89,203.985,301.715,1,2,568,287,0,1,404.161,0,1.41,0,0,301.785,0,999673,0
./moose100/AC_mobility_derivative_coupled_test_8_2_1.mat,1,10,10,20164,30,290362,14.4,5.62163e+06,1.7505e+06,1.7505e+06,86.8132,20164,0.129161,1.07514e+06,2457.89,203.985,301.715,1,2,568,287,0,1,404.161,0,1.41,0,0,301.785,0,999673,0
./moose100/AC_mobility_derivative_coupled_test_8_3_1.mat,1,10,10,20164,30,260116,12.9,4.58315e+06,1.57666e+06,1.57666e+06,78.1918,20164,0.116334,917818,1777.09,205.765,301.715,1,2,568,287,0,1,404.065,0,1.02753,0,0,301.785,0,850024,0
./moose100/AC_mobility_derivative_coupled_test_8_4_1.mat,1,10,10,20164,30,260116,12.9,4.58315e+06,1.57666e+06,1.57666e+06,78.1918,20164,0.116334,917818,1777.09,205.765,301.715,1,2,568,287,0,1,404.065,0,1.02753,0,0,301.785,0,850024,0
./moose100/AC_mobility_derivative_coupled_test_9_1_1.mat,1,10,10,20164,30,260116,12.9,4.5833e+06,1.57456e+06,1.57456e+06,78.0875,20164,0.116179,917827,1777.12,205.765,301.715,1,2,568,287,0,1,404.122,0,1.02756,0,0,301.796,0,850032,0
./moose100/AC_mobility_derivative_coupled_test_9_2_1.mat,1,10,10,20164,30,266165,13.2,4.89897e+06,1.628e+06,1.628e+06,80.7381,20164,0.120122,985586,2063.62,196.189,301.715,1,2,568,287,0,1,404.12,0,1.18488,0,0,301.794,0,915992,0
./moose100/AC_mobility_derivative_coupled_test_9_3_1.mat,1,10,10,20164,30,266165,13.2,4.89897e+06,1.628e+06,1.628e+06,80.7381,20164,0.120122,985586,2063.62,196.189,301.715,1,2,568,287,0,1,404.12,0,1.18488,0,0,301.794,0,915992,0
./moose100/AC_mobility_derivative_coupled_test_9_4_1.mat,1,10,10,20164,30,266165,13.2,4.89897e+06,1.628e+06,1.628e+06,80.7381,20164,0.120122,985586,2063.62,196.189,301.715,1,2,568,287,0,1,404.12,0,1.18488,0,0,301.794,0,915992,0
./moose100/AC_mobility_derivative_coupled_test_9_5_1.mat,1,10,10,20164,30,229870,11.4,3.64853e+06,1.41654e+06,1.41654e+06,70.251,20164,0.104519,784679,1302.42,205.337,301.715,1,2,568,287,0,1,404.12,0,0.751042,0,0,301.794,0,727700,0
./moose100/AC_mobility_derivative_test_10_10_1.mat,1,10,10,10001,30,30003,3,4881.2,3495.25,3495.25,0.349491,10001,0.00104837,1173.65,0.0129498,1,0.497896,1,2,1,1,0,1,0.497896,1,1.37693e-05,0,1,0.497896,0,1138.09,0
./moose100/AC_mobility_derivative_test_10_1_1.mat,1,10,10,10001,30,30003,3,4881.2,3494.72,3494.72,0.349437,10001,0.00104821,1173.65,0.0129498,1,0.497896,1,2,1,1,0,1,0.497896,1,1.37693e-05,0,1,0.497896,0,1138.09,0
./moose100/AC_mobility_derivative_test_10_2_1.mat,1,10,10,10001,30,30003,3,4881.2,3495.18,3495.18,0.349483,10001,0.00104834,1173.65,0.0129498,1,0.497896,1,2,1,1,0,1,0.497896,1,1.37693e-05,0,1,0.497896,0,1138.09,0
./moose100/AC_mobility_derivative_test_10_3_1.mat,1,10,10,10001,30,30003,3,4881.2,3495.24,3495.24,0.349489,10001,0.00104836,1173.65,0.0129498,1,0.497896,1,2,1,1,0,1,0.497896,1,1.37693e-05,0,1,0.497896,0,1138.09,0
./moose100/AC_mobility_derivative_test_10_4_1.mat,1,10,10,10001,30,30003,3,4881.2,3495.25,3495.25,0.34949,10001,0.00104837,1173.65,0.0129498,1,0.497896,1,2,1,1,0,1,0.497896,1,1.37693e-05,0,1,0.497896,0,1138.09,0
./moose100/AC_mobility_derivative_test_10_5_1.mat,1,10,10,10001,30,30003,3,4881.2,3495.25,3495.25,0.34949,10001,0.00104837,1173.65,0.0129498,1,0.497896,1,2,1,1,0,1,0.497896,1,1.37693e-05,0,1,0.497896,0,1138.09,0
./moose100/AC_mobility_derivative_test_10_6_1.mat,1,10,10,10001,30,30003,3,4881.2,3495.25,3495.25,0.349491,10001,0.00104837,1173.65,0.0129498,1,0.497896,1,2,1,1,0,1,0.497896,1,1.37693e-05,0,1,0.497896,0,1138.09,0
./moose100/AC_mobility_derivative_test_10_7_1.mat,1,10,10,10001,30,30003,3,4881.2,3495.25,3495.25,0.349491,10001,0.00104837,1173.65,0.0129498,1,0.497896,1,2,1,1,0,1,0.497896,1,1.37693e-05,0,1,0.497896,0,1138.09,0
./moose100/AC_mobility_derivative_test_10_8_1.mat,1,10,10,10001,30,30003,3,4881.2,3495.25,3495.25,0.349491,10001,0.00104837,1173.65,0.0129498,1,0.497896,1,2,1,1,0,1,0.497896,1,1.37693e-05,0,1,0.497896,0,1138.09,0
./moose100/AC_mobility_derivative_test_10_9_1.mat,1,10,10,10001,30,30003,3,4881.2,3495.25,3495.25,0.349491,10001,0.00104837,1173.65,0.0129498,1,0.497896,1,2,1,1,0,1,0.497896,1,1.37693e-05,0,1,0.497896,0,1138.09,0
./moose100/AC_mobility_derivative_test_1_10_1.mat,1,10,10,10001,30,30003,3,3361.62,2519.9,2519.9,0.251965,10001,0.000755818,829.554,0.00656023,1,0.422011,1,2,1,1,0,1,0.474302,1,6.87909e-06,0,1,0.405847,0,810.033,0
./moose100/AC_mobility_derivative_test_11_10_1.mat,1,10,10,10001,30,30003,3,4880.73,3495.53,3495.53,0.349518,10001,0.00104845,1174.41,0.0129723,1,0.49815,1,2,1,1,0,1,0.49815,1,1.37873e-05,0,1,0.49815,0,1139.07,0
./moose100/AC_mobility_derivative_test_1_11_1.mat,1,10,10,10001,30,30003,3,3361.62,2519.9,2519.9,0.251965,10001,0.000755818,829.554,0.00656023,1,0.422011,1,2,1,1,0,1,0.474302,1,6.87909e-06,0,1,0.405847,0,810.033,0
./moose100/AC_mobility_derivative_test_11_1_1.mat,1,10,10,10001,30,30003,3,4880.73,3494.92,3494.92,0.349458,10001,0.00104827,1174.41,0.0129723,1,0.49815,1,2,1,1,0,1,0.49815,1,1.37873e-05,0,1,0.49815,0,1139.07,0
./moose100/AC_mobility_derivative_test_1_1_1.mat,1,10,10,10001,30,30003,3,3361.65,2520.57,2520.57,0.252032,10001,0.00075602,829.559,0.00656031,1,0.427927,1,2,1,1,0,1,0.477842,1,6.87918e-06,0,1,0.40958,0,810.038,0
./moose100/AC_mobility_derivative_test_11_2_1.mat,1,10,10,10001,30,30003,3,4880.73,3495.45,3495.45,0.34951,10001,0.00104843,1174.41,0.0129723,1,0.49815,1,2,1,1,0,1,0.49815,1,1.37873e-05,0,1,0.49815,0,1139.07,0
./moose100/AC_mobility_derivative_test_11_3_1.mat,1,10,10,10001,30,30003,3,4880.73,3495.51,3495.51,0.349517,10001,0.00104844,1174.41,0.0129723,1,0.49815,1,2,1,1,0,1,0.49815,1,1.37873e-05,0,1,0.49815,0,1139.07,0
./moose100/AC_mobility_derivative_test_11_4_1.mat,1,10,10,10001,30,30003,3,4880.73,3495.53,3495.53,0.349518,10001,0.00104845,1174.41,0.0129723,1,0.49815,1,2,1,1,0,1,0.49815,1,1.37873e-05,0,1,0.49815,0,1139.07,0
./moose100/AC_mobility_derivative_test_11_5_1.mat,1,10,10,10001,30,30003,3,4880.73,3495.53,3495.53,0.349518,10001,0.00104845,1174.41,0.0129723,1,0.49815,1,2,1,1,0,1,0.49815,1,1.37873e-05,0,1,0.49815,0,1139.07,0
./moose100/AC_mobility_derivative_test_11_6_1.mat,1,10,10,10001,30,30003,3,4880.73,3495.53,3495.53,0.349518,10001,0.00104845,1174.41,0.0129723,1,0.49815,1,2,1,1,0,1,0.49815,1,1.37873e-05,0,1,0.49815,0,1139.07,0
./moose100/AC_mobility_derivative_test_11_7_1.mat,1,10,10,10001,30,30003,3,4880.73,3495.53,3495.53,0.349518,10001,0.00104845,1174.41,0.0129723,1,0.49815,1,2,1,1,0,1,0.49815,1,1.37873e-05,0,1,0.49815,0,1139.07,0
./moose100/AC_mobility_derivative_test_11_8_1.mat,1,10,10,10001,30,30003,3,4880.73,3495.53,3495.53,0.349518,10001,0.00104845,1174.41,0.0129723,1,0.49815,1,2,1,1,0,1,0.49815,1,1.37873e-05,0,1,0.49815,0,1139.07,0
./moose100/AC_mobility_derivative_test_11_9_1.mat,1,10,10,10001,30,30003,3,4880.73,3495.53,3495.53,0.349518,10001,0.00104845,1174.41,0.0129723,1,0.49815,1,2,1,1,0,1,0.49815,1,1.37873e-05,0,1,0.49815,0,1139.07,0
./moose100/AC_mobility_derivative_test_12_10_1.mat,1,10,10,10001,30,30003,3,4880.59,3496.25,3496.25,0.34959,10001,0.00104867,1175.25,0.0129964,1,0.49838,1,2,1,1,0,1,0.49838,1,1.38069e-05,0,1,0.49838,0,1140.13,0
./moose100/AC_mobility_derivative_test_12_1_1.mat,1,10,10,10001,30,30003,3,4880.59,3495.62,3495.62,0.349527,10001,0.00104848,1175.25,0.0129964,1,0.49838,1,2,1,1,0,1,0.49838,1,1.38069e-05,0,1,0.49838,0,1140.13,0
./moose100/AC_mobility_derivative_test_1_2_1.mat,1,10,10,10001,30,30003,3,3361.62,2520.06,2520.06,0.251981,10001,0.000755868,829.554,0.00656023,1,0.423091,1,2,1,1,0,1,0.474864,1,6.87909e-06,0,1,0.406518,0,810.033,0
./moose100/AC_mobility_derivative_test_12_2_1.mat,1,10,10,10001,30,30003,3,4880.59,3496.18,3496.18,0.349583,10001,0.00104864,1175.25,0.0129964,1,0.49838,1,2,1,1,0,1,0.49838,1,1.38069e-05,0,1,0.49838,0,1140.13,0
./moose100/AC_mobility_derivative_test_12_3_1.mat,1,10,10,10001,30,30003,3,4880.59,3496.24,3496.24,0.349589,10001,0.00104866,1175.25,0.0129964,1,0.49838,1,2,1,1,0,1,0.49838,1,1.38069e-05,0,1,0.49838,0,1140.13,0
./moose100/AC_mobility_derivative_test_12_4_1.mat,1,10,10,10001,30,30003,3,4880.59,3496.25,3496.25,0.34959,10001,0.00104867,1175.25,0.0129964,1,0.49838,1,2,1,1,0,1,0.49838,1,1.38069e-05,0,1,0.49838,0,1140.13,0
./moose100/AC_mobility_derivative_test_12_5_1.mat,1,10,10,10001,30,30003,3,4880.59,3496.25,3496.25,0.34959,10001,0.00104867,1175.25,0.0129964,1,0.49838,1,2,1,1,0,1,0.49838,1,1.38069e-05,0,1,0.49838,0,1140.13,0
./moose100/AC_mobility_derivative_test_12_6_1.mat,1,10,10,10001,30,30003,3,4880.59,3496.25,3496.25,0.34959,10001,0.00104867,1175.25,0.0129964,1,0.49838,1,2,1,1,0,1,0.49838,1,1.38069e-05,0,1,0.49838,0,1140.13,0
./moose100/AC_mobility_derivative_test_12_7_1.mat,1,10,10,10001,30,30003,3,4880.59,3496.25,3496.25,0.34959,10001,0.00104867,1175.25,0.0129964,1,0.49838,1,2,1,1,0,1,0.49838,1,1.38069e-05,0,1,0.49838,0,1140.13,0
./moose100/AC_mobility_derivative_test_12_8_1.mat,1,10,10,10001,30,30003,3,4880.59,3496.25,3496.25,0.34959,10001,0.00104867,1175.25,0.0129964,1,0.49838,1,2,1,1,0,1,0.49838,1,1.38069e-05,0,1,0.49838,0,1140.13,0
./moose100/AC_mobility_derivative_test_12_9_1.mat,1,10,10,10001,30,30003,3,4880.59,3496.25,3496.25,0.34959,10001,0.00104867,1175.25,0.0129964,1,0.49838,1,2,1,1,0,1,0.49838,1,1.38069e-05,0,1,0.49838,0,1140.13,0
./moose100/AC_mobility_derivative_test_13_10_1.mat,1,10,10,10001,30,30003,3,4880.74,3497.38,3497.38,0.349703,10001,0.00104901,1176.13,0.0130215,1,0.49859,1,2,1,1,0,1,0.49859,1,1.38278e-05,0,1,0.49859,0,1141.23,0
./moose100/AC_mobility_derivative_test_13_1_1.mat,1,10,10,10001,30,30003,3,4880.74,3496.74,3496.74,0.349639,10001,0.00104881,1176.13,0.0130215,1,0.49859,1,2,1,1,0,1,0.49859,1,1.38278e-05,0,1,0.49859,0,1141.23,0
./moose100/AC_mobility_derivative_test_1_3_1.mat,1,10,10,10001,30,30003,3,3361.62,2519.93,2519.93,0.251967,10001,0.000755827,829.554,0.00656023,1,0.422237,1,2,1,1,0,1,0.474413,1,6.87909e-06,0,1,0.405987,0,810.033,0
./moose100/AC_mobility_derivative_test_13_2_1.mat,1,10,10,10001,30,30003,3,4880.74,3497.31,3497.31,0.349696,10001,0.00104898,1176.13,0.0130215,1,0.49859,1,2,1,1,0,1,0.49859,1,1.38278e-05,0,1,0.49859,0,1141.23,0
./moose100/AC_mobility_derivative_test_13_3_1.mat,1,10,10,10001,30,30003,3,4880.74,3497.37,3497.37,0.349702,10001,0.001049,1176.13,0.0130215,1,0.49859,1,2,1,1,0,1,0.49859,1,1.38278e-05,0,1,0.49859,0,1141.23,0
./moose100/AC_mobility_derivative_test_13_4_1.mat,1,10,10,10001,30,30003,3,4880.74,3497.38,3497.38,0.349703,10001,0.001049,1176.13,0.0130215,1,0.49859,1,2,1,1,0,1,0.49859,1,1.38278e-05,0,1,0.49859,0,1141.23,0
./moose100/AC_mobility_derivative_test_13_5_1.mat,1,10,10,10001,30,30003,3,4880.74,3497.38,3497.38,0.349703,10001,0.00104901,1176.13,0.0130215,1,0.49859,1,2,1,1,0,1,0.49859,1,1.38278e-05,0,1,0.49859,0,1141.23,0
./moose100/AC_mobility_derivative_test_13_6_1.mat,1,10,10,10001,30,30003,3,4880.74,3497.38,3497.38,0.349703,10001,0.00104901,1176.13,0.0130215,1,0.49859,1,2,1,1,0,1,0.49859,1,1.38278e-05,0,1,0.49859,0,1141.23,0
./moose100/AC_mobility_derivative_test_13_7_1.mat,1,10,10,10001,30,30003,3,4880.74,3497.38,3497.38,0.349703,10001,0.00104901,1176.13,0.0130215,1,0.49859,1,2,1,1,0,1,0.49859,1,1.38278e-05,0,1,0.49859,0,1141.23,0
./moose100/AC_mobility_derivative_test_13_8_1.mat,1,10,10,10001,30,30003,3,4880.74,3497.38,3497.38,0.349703,10001,0.00104901,1176.13,0.0130215,1,0.49859,1,2,1,1,0,1,0.49859,1,1.38278e-05,0,1,0.49859,0,1141.23,0
./moose100/AC_mobility_derivative_test_13_9_1.mat,1,10,10,10001,30,30003,3,4880.74,3497.38,3497.38,0.349703,10001,0.00104901,1176.13,0.0130215,1,0.49859,1,2,1,1,0,1,0.49859,1,1.38278e-05,0,1,0.49859,0,1141.23,0
./moose100/AC_mobility_derivative_test_14_10_1.mat,1,10,10,10001,30,30003,3,4881.09,3498.87,3498.87,0.349852,10001,0.00104945,1177.06,0.0130473,1,0.498781,1,2,1,1,0,1,0.498781,1,1.38495e-05,0,1,0.498781,0,1142.36,0
./moose100/AC_mobility_derivative_test_14_1_1.mat,1,10,10,10001,30,30003,3,4881.09,3498.24,3498.24,0.349789,10001,0.00104926,1177.06,0.0130473,1,0.498781,1,2,1,1,0,1,0.498781,1,1.38495e-05,0,1,0.498781,0,1142.36,0
./moose100/AC_mobility_derivative_test_1_4_1.mat,1,10,10,10001,30,30003,3,3361.62,2519.9,2519.9,0.251965,10001,0.00075582,829.554,0.00656023,1,0.422058,1,2,1,1,0,1,0.474324,1,6.87909e-06,0,1,0.405876,0,810.033,0
./moose100/AC_mobility_derivative_test_14_2_1.mat,1,10,10,10001,30,30003,3,4881.09,3498.8,3498.8,0.349845,10001,0.00104943,1177.06,0.0130473,1,0.498781,1,2,1,1,0,1,0.498781,1,1.38495e-05,0,1,0.498781,0,1142.36,0
./moose100/AC_mobility_derivative_test_14_3_1.mat,1,10,10,10001,30,30003,3,4881.09,3498.85,3498.85,0.349851,10001,0.00104945,1177.06,0.0130473,1,0.498781,1,2,1,1,0,1,0.498781,1,1.38495e-05,0,1,0.498781,0,1142.36,0
./moose100/AC_mobility_derivative_test_14_4_1.mat,1,10,10,10001,30,30003,3,4881.09,3498.86,3498.86,0.349851,10001,0.00104945,1177.06,0.0130473,1,0.498781,1,2,1,1,0,1,0.498781,1,1.38495e-05,0,1,0.498781,0,1142.36,0
./moose100/AC_mobility_derivative_test_14_5_1.mat,1,10,10,10001,30,30003,3,4881.09,3498.87,3498.87,0.349852,10001,0.00104945,1177.06,0.0130473,1,0.498781,1,2,1,1,0,1,0.498781,1,1.38495e-05,0,1,0.498781,0,1142.36,0
./moose100/AC_mobility_derivative_test_14_6_1.mat,1,10,10,10001,30,30003,3,4881.09,3498.87,3498.87,0.349852,10001,0.00104945,1177.06,0.0130473,1,0.498781,1,2,1,1,0,1,0.498781,1,1.38495e-05,0,1,0.498781,0,1142.36,0
./moose100/AC_mobility_derivative_test_14_7_1.mat,1,10,10,10001,30,30003,3,4881.09,3498.87,3498.87,0.349852,10001,0.00104945,1177.06,0.0130473,1,0.498781,1,2,1,1,0,1,0.498781,1,1.38495e-05,0,1,0.498781,0,1142.36,0
./moose100/AC_mobility_derivative_test_14_8_1.mat,1,10,10,10001,30,30003,3,4881.09,3498.87,3498.87,0.349852,10001,0.00104945,1177.06,0.0130473,1,0.498781,1,2,1,1,0,1,0.498781,1,1.38495e-05,0,1,0.498781,0,1142.36,0
./moose100/AC_mobility_derivative_test_14_9_1.mat,1,10,10,10001,30,30003,3,4881.09,3498.87,3498.87,0.349852,10001,0.00104945,1177.06,0.0130473,1,0.498781,1,2,1,1,0,1,0.498781,1,1.38495e-05,0,1,0.498781,0,1142.36,0
./moose100/AC_mobility_derivative_test_15_10_1.mat,1,10,10,10001,30,30003,3,4881.62,3500.65,3500.65,0.35003,10001,0.00104999,1178,0.0130734,1,0.498955,1,2,1,1,0,1,0.498955,1,1.38716e-05,0,1,0.498955,0,1143.5,0
./moose100/AC_mobility_derivative_test_15_1_1.mat,1,10,10,10001,30,30003,3,4881.62,3500.07,3500.07,0.349972,10001,0.00104981,1178,0.0130734,1,0.498955,1,2,1,1,0,1,0.498955,1,1.38716e-05,0,1,0.498955,0,1143.5,0
./moose100/AC_mobility_derivative_test_1_5_1.mat,1,10,10,10001,30,30003,3,3361.62,2519.9,2519.9,0.251965,10001,0.000755819,829.554,0.00656023,1,0.422021,1,2,1,1,0,1,0.474307,1,6.87909e-06,0,1,0.405853,0,810.033,0
./moose100/AC_mobility_derivative_test_15_2_1.mat,1,10,10,10001,30,30003,3,4881.62,3500.6,3500.6,0.350025,10001,0.00104997,1178,0.0130734,1,0.498955,1,2,1,1,0,1,0.498955,1,1.38716e-05,0,1,0.498955,0,1143.5,0
./moose100/AC_mobility_derivative_test_15_3_1.mat,1,10,10,10001,30,30003,3,4881.62,3500.64,3500.64,0.350029,10001,0.00104998,1178,0.0130734,1,0.498955,1,2,1,1,0,1,0.498955,1,1.38716e-05,0,1,0.498955,0,1143.5,0
./moose100/AC_mobility_derivative_test_15_4_1.mat,1,10,10,10001,30,30003,3,4881.62,3500.65,3500.65,0.35003,10001,0.00104998,1178,0.0130734,1,0.498955,1,2,1,1,0,1,0.498955,1,1.38716e-05,0,1,0.498955,0,1143.5,0
./moose100/AC_mobility_derivative_test_15_5_1.mat,1,10,10,10001,30,30003,3,4881.62,3500.65,3500.65,0.35003,10001,0.00104999,1178,0.0130734,1,0.498955,1,2,1,1,0,1,0.498955,1,1.38716e-05,0,1,0.498955,0,1143.5,0
./moose100/AC_mobility_derivative_test_15_6_1.mat,1,10,10,10001,30,30003,3,4881.62,3500.65,3500.65,0.35003,10001,0.00104999,1178,0.0130734,1,0.498955,1,2,1,1,0,1,0.498955,1,1.38716e-05,0,1,0.498955,0,1143.5,0
./moose100/AC_mobility_derivative_test_15_7_1.mat,1,10,10,10001,30,30003,3,4881.62,3500.65,3500.65,0.35003,10001,0.00104999,1178,0.0130734,1,0.498955,1,2,1,1,0,1,0.498955,1,1.38716e-05,0,1,0.498955,0,1143.5,0
./moose100/AC_mobility_derivative_test_15_8_1.mat,1,10,10,10001,30,30003,3,4881.62,3500.65,3500.65,0.35003,10001,0.00104999,1178,0.0130734,1,0.498955,1,2,1,1,0,1,0.498955,1,1.38716e-05,0,1,0.498955,0,1143.5,0
./moose100/AC_mobility_derivative_test_15_9_1.mat,1,10,10,10001,30,30003,3,4881.62,3500.65,3500.65,0.35003,10001,0.00104999,1178,0.0130734,1,0.498955,1,2,1,1,0,1,0.498955,1,1.38716e-05,0,1,0.498955,0,1143.5,0
./moose100/AC_mobility_derivative_test_16_10_1.mat,1,10,10,10001,30,30003,3,4882.27,3502.69,3502.69,0.350234,10001,0.0010506,1178.95,0.0130994,1,0.499114,1,2,1,1,0,1,0.499114,1,1.3894e-05,0,1,0.499114,0,1144.64,0
./moose100/AC_mobility_derivative_test_16_1_1.mat,1,10,10,10001,30,30003,3,4882.27,3502.16,3502.16,0.350181,10001,0.00105044,1178.95,0.0130994,1,0.499114,1,2,1,1,0,1,0.499114,1,1.3894e-05,0,1,0.499114,0,1144.64,0
./moose100/AC_mobility_derivative_test_1_6_1.mat,1,10,10,10001,30,30003,3,3361.62,2519.9,2519.9,0.251965,10001,0.000755818,829.554,0.00656023,1,0.422013,1,2,1,1,0,1,0.474303,1,6.87909e-06,0,1,0.405848,0,810.033,0
./moose100/AC_mobility_derivative_test_16_2_1.mat,1,10,10,10001,30,30003,3,4882.27,3502.64,3502.64,0.350229,10001,0.00105058,1178.95,0.0130994,1,0.499114,1,2,1,1,0,1,0.499114,1,1.3894e-05,0,1,0.499114,0,1144.64,0
./moose100/AC_mobility_derivative_test_16_3_1.mat,1,10,10,10001,30,30003,3,4882.27,3502.68,3502.68,0.350233,10001,0.00105059,1178.95,0.0130994,1,0.499114,1,2,1,1,0,1,0.499114,1,1.3894e-05,0,1,0.499114,0,1144.64,0
./moose100/AC_mobility_derivative_test_16_4_1.mat,1,10,10,10001,30,30003,3,4882.27,3502.69,3502.69,0.350234,10001,0.0010506,1178.95,0.0130994,1,0.499114,1,2,1,1,0,1,0.499114,1,1.3894e-05,0,1,0.499114,0,1144.64,0
./moose100/AC_mobility_derivative_test_16_5_1.mat,1,10,10,10001,30,30003,3,4882.27,3502.69,3502.69,0.350234,10001,0.0010506,1178.95,0.0130994,1,0.499114,1,2,1,1,0,1,0.499114,1,1.3894e-05,0,1,0.499114,0,1144.64,0
./moose100/AC_mobility_derivative_test_16_6_1.mat,1,10,10,10001,30,30003,3,4882.27,3502.69,3502.69,0.350234,10001,0.0010506,1178.95,0.0130994,1,0.499114,1,2,1,1,0,1,0.499114,1,1.3894e-05,0,1,0.499114,0,1144.64,0
./moose100/AC_mobility_derivative_test_16_7_1.mat,1,10,10,10001,30,30003,3,4882.27,3502.69,3502.69,0.350234,10001,0.0010506,1178.95,0.0130994,1,0.499114,1,2,1,1,0,1,0.499114,1,1.3894e-05,0,1,0.499114,0,1144.64,0
./moose100/AC_mobility_derivative_test_16_8_1.mat,1,10,10,10001,30,30003,3,4882.27,3502.69,3502.69,0.350234,10001,0.0010506,1178.95,0.0130994,1,0.499114,1,2,1,1,0,1,0.499114,1,1.3894e-05,0,1,0.499114,0,1144.64,0
./moose100/AC_mobility_derivative_test_16_9_1.mat,1,10,10,10001,30,30003,3,4882.27,3502.69,3502.69,0.350234,10001,0.0010506,1178.95,0.0130994,1,0.499114,1,2,1,1,0,1,0.499114,1,1.3894e-05,0,1,0.499114,0,1144.64,0
./moose100/AC_mobility_derivative_test_17_10_1.mat,1,10,10,10001,30,30003,3,4883.02,3504.94,3504.94,0.350459,10001,0.00105127,1179.89,0.0131253,1,0.499258,1,2,1,1,0,1,0.499258,1,1.39163e-05,0,1,0.499258,0,1145.77,0
./moose100/AC_mobility_derivative_test_17_1_1.mat,1,10,10,10001,30,30003,3,4883.02,3504.47,3504.47,0.350412,10001,0.00105113,1179.89,0.0131253,1,0.499258,1,2,1,1,0,1,0.499258,1,1.39163e-05,0,1,0.499258,0,1145.77,0
./moose100/AC_mobility_derivative_test_1_7_1.mat,1,10,10,10001,30,30003,3,3361.62,2519.9,2519.9,0.251965,10001,0.000755818,829.554,0.00656023,1,0.422011,1,2,1,1,0,1,0.474302,1,6.87909e-06,0,1,0.405847,0,810.033,0
./moose100/AC_mobility_derivative_test_17_2_1.mat,1,10,10,10001,30,30003,3,4883.02,3504.9,3504.9,0.350455,10001,0.00105126,1179.89,0.0131253,1,0.499258,1,2,1,1,0,1,0.499258,1,1.39163e-05,0,1,0.499258,0,1145.77,0
./moose100/AC_mobility_derivative_test_17_3_1.mat,1,10,10,10001,30,30003,3,4883.02,3504.93,3504.93,0.350458,10001,0.00105127,1179.89,0.0131253,1,0.499258,1,2,1,1,0,1,0.499258,1,1.39163e-05,0,1,0.499258,0,1145.77,0
./moose100/AC_mobility_derivative_test_17_4_1.mat,1,10,10,10001,30,30003,3,4883.02,3504.94,3504.94,0.350459,10001,0.00105127,1179.89,0.0131253,1,0.499258,1,2,1,1,0,1,0.499258,1,1.39163e-05,0,1,0.499258,0,1145.77,0
./moose100/AC_mobility_derivative_test_17_5_1.mat,1,10,10,10001,30,30003,3,4883.02,3504.94,3504.94,0.350459,10001,0.00105127,1179.89,0.0131253,1,0.499258,1,2,1,1,0,1,0.499258,1,1.39163e-05,0,1,0.499258,0,1145.77,0
./moose100/AC_mobility_derivative_test_17_6_1.mat,1,10,10,10001,30,30003,3,4883.02,3504.94,3504.94,0.350459,10001,0.00105127,1179.89,0.0131253,1,0.499258,1,2,1,1,0,1,0.499258,1,1.39163e-05,0,1,0.499258,0,1145.77,0
./moose100/AC_mobility_derivative_test_17_7_1.mat,1,10,10,10001,30,30003,3,4883.02,3504.94,3504.94,0.350459,10001,0.00105127,1179.89,0.0131253,1,0.499258,1,2,1,1,0,1,0.499258,1,1.39163e-05,0,1,0.499258,0,1145.77,0
./moose100/AC_mobility_derivative_test_17_8_1.mat,1,10,10,10001,30,30003,3,4883.02,3504.94,3504.94,0.350459,10001,0.00105127,1179.89,0.0131253,1,0.499258,1,2,1,1,0,1,0.499258,1,1.39163e-05,0,1,0.499258,0,1145.77,0
./moose100/AC_mobility_derivative_test_17_9_1.mat,1,10,10,10001,30,30003,3,4883.02,3504.94,3504.94,0.350459,10001,0.00105127,1179.89,0.0131253,1,0.499258,1,2,1,1,0,1,0.499258,1,1.39163e-05,0,1,0.499258,0,1145.77,0
./moose100/AC_mobility_derivative_test_18_10_1.mat,1,10,10,10001,30,30003,3,4883.83,3507.44,3507.44,0.350709,10001,0.00105202,1180.83,0.0131508,1,0.49939,1,2,1,1,0,1,0.49939,1,1.39384e-05,0,1,0.49939,0,1146.89,0
./moose100/AC_mobility_derivative_test_18_1_1.mat,1,10,10,10001,30,30003,3,4883.83,3507.05,3507.05,0.350669,10001,0.0010519,1180.83,0.0131508,1,0.49939,1,2,1,1,0,1,0.49939,1,1.39384e-05,0,1,0.49939,0,1146.89,0
./moose100/AC_mobility_derivative_test_1_8_1.mat,1,10,10,10001,30,30003,3,3361.62,2519.9,2519.9,0.251965,10001,0.000755818,829.554,0.00656023,1,0.422011,1,2,1,1,0,1,0.474302,1,6.87909e-06,0,1,0.405847,0,810.033,0
./moose100/AC_mobility_derivative_test_18_2_1.mat,1,10,10,10001,30,30003,3,4883.83,3507.41,3507.41,0.350706,10001,0.00105201,1180.83,0.0131508,1,0.49939,1,2,1,1,0,1,0.49939,1,1.39384e-05,0,1,0.49939,0,1146.89,0
./moose100/AC_mobility_derivative_test_18_3_1.mat,1,10,10,10001,30,30003,3,4883.83,3507.43,3507.43,0.350708,10001,0.00105202,1180.83,0.0131508,1,0.49939,1,2,1,1,0,1,0.49939,1,1.39384e-05,0,1,0.49939,0,1146.89,0
./moose100/AC_mobility_derivative_test_18_4_1.mat,1,10,10,10001,30,30003,3,4883.83,3507.44,3507.44,0.350709,10001,0.00105202,1180.83,0.0131508,1,0.49939,1,2,1,1,0,1,0.49939,1,1.39384e-05,0,1,0.49939,0,1146.89,0
./moose100/AC_mobility_derivative_test_18_5_1.mat,1,10,10,10001,30,30003,3,4883.83,3507.44,3507.44,0.350709,10001,0.00105202,1180.83,0.0131508,1,0.49939,1,2,1,1,0,1,0.49939,1,1.39384e-05,0,1,0.49939,0,1146.89,0
./moose100/AC_mobility_derivative_test_18_6_1.mat,1,10,10,10001,30,30003,3,4883.83,3507.44,3507.44,0.350709,10001,0.00105202,1180.83,0.0131508,1,0.49939,1,2,1,1,0,1,0.49939,1,1.39384e-05,0,1,0.49939,0,1146.89,0
./moose100/AC_mobility_derivative_test_18_7_1.mat,1,10,10,10001,30,30003,3,4883.83,3507.44,3507.44,0.350709,10001,0.00105202,1180.83,0.0131508,1,0.49939,1,2,1,1,0,1,0.49939,1,1.39384e-05,0,1,0.49939,0,1146.89,0
./moose100/AC_mobility_derivative_test_18_8_1.mat,1,10,10,10001,30,30003,3,4883.83,3507.44,3507.44,0.350709,10001,0.00105202,1180.83,0.0131508,1,0.49939,1,2,1,1,0,1,0.49939,1,1.39384e-05,0,1,0.49939,0,1146.89,0
./moose100/AC_mobility_derivative_test_18_9_1.mat,1,10,10,10001,30,30003,3,4883.83,3507.44,3507.44,0.350709,10001,0.00105202,1180.83,0.0131508,1,0.49939,1,2,1,1,0,1,0.49939,1,1.39384e-05,0,1,0.49939,0,1146.89,0
./moose100/AC_mobility_derivative_test_19_10_1.mat,1,10,10,10001,30,30003,3,4884.7,3510.01,3510.01,0.350965,10001,0.00105279,1181.75,0.0131758,1,0.499509,1,2,1,1,0,1,0.499509,1,1.39601e-05,0,1,0.499509,0,1147.97,0
./moose100/AC_mobility_derivative_test_19_1_1.mat,1,10,10,10001,30,30003,3,4884.7,3509.69,3509.69,0.350934,10001,0.0010527,1181.75,0.0131758,1,0.499509,1,2,1,1,0,1,0.499509,1,1.39601e-05,0,1,0.499509,0,1147.97,0
./moose100/AC_mobility_derivative_test_1_9_1.mat,1,10,10,10001,30,30003,3,3361.62,2519.9,2519.9,0.251965,10001,0.000755818,829.554,0.00656023,1,0.422011,1,2,1,1,0,1,0.474302,1,6.87909e-06,0,1,0.405847,0,810.033,0
./moose100/AC_mobility_derivative_test_19_2_1.mat,1,10,10,10001,30,30003,3,4884.7,3509.99,3509.99,0.350963,10001,0.00105279,1181.75,0.0131758,1,0.499509,1,2,1,1,0,1,0.499509,1,1.39601e-05,0,1,0.499509,0,1147.97,0
./moose100/AC_mobility_derivative_test_19_3_1.mat,1,10,10,10001,30,30003,3,4884.7,3510,3510,0.350965,10001,0.00105279,1181.75,0.0131758,1,0.499509,1,2,1,1,0,1,0.499509,1,1.39601e-05,0,1,0.499509,0,1147.97,0
./moose100/AC_mobility_derivative_test_19_4_1.mat,1,10,10,10001,30,30003,3,4884.7,3510.01,3510.01,0.350965,10001,0.00105279,1181.75,0.0131758,1,0.499509,1,2,1,1,0,1,0.499509,1,1.39601e-05,0,1,0.499509,0,1147.97,0
./moose100/AC_mobility_derivative_test_19_5_1.mat,1,10,10,10001,30,30003,3,4884.7,3510.01,3510.01,0.350965,10001,0.00105279,1181.75,0.0131758,1,0.499509,1,2,1,1,0,1,0.499509,1,1.39601e-05,0,1,0.499509,0,1147.97,0
./moose100/AC_mobility_derivative_test_19_6_1.mat,1,10,10,10001,30,30003,3,4884.7,3510.01,3510.01,0.350965,10001,0.00105279,1181.75,0.0131758,1,0.499509,1,2,1,1,0,1,0.499509,1,1.39601e-05,0,1,0.499509,0,1147.97,0
./moose100/AC_mobility_derivative_test_19_7_1.mat,1,10,10,10001,30,30003,3,4884.7,3510.01,3510.01,0.350965,10001,0.00105279,1181.75,0.0131758,1,0.499509,1,2,1,1,0,1,0.499509,1,1.39601e-05,0,1,0.499509,0,1147.97,0
./moose100/AC_mobility_derivative_test_19_8_1.mat,1,10,10,10001,30,30003,3,4884.7,3510.01,3510.01,0.350965,10001,0.00105279,1181.75,0.0131758,1,0.499509,1,2,1,1,0,1,0.499509,1,1.39601e-05,0,1,0.499509,0,1147.97,0
./moose100/AC_mobility_derivative_test_19_9_1.mat,1,10,10,10001,30,30003,3,4884.7,3510.01,3510.01,0.350965,10001,0.00105279,1181.75,0.0131758,1,0.499509,1,2,1,1,0,1,0.499509,1,1.39601e-05,0,1,0.499509,0,1147.97,0
./moose100/AC_mobility_derivative_test_20_10_1.mat,1,10,10,10001,30,30003,3,4885.59,3512.59,3512.59,0.351224,10001,0.00105357,1182.65,0.0132002,1,0.499617,1,2,1,1,0,1,0.499617,1,1.39814e-05,0,1,0.499617,0,1149.03,0
./moose100/AC_mobility_derivative_test_20_1_1.mat,1,10,10,10001,30,30003,3,4885.59,3512.35,3512.35,0.3512,10001,0.00105349,1182.65,0.0132002,1,0.499617,1,2,1,1,0,1,0.499617,1,1.39814e-05,0,1,0.499617,0,1149.03,0
./moose100/AC_mobility_derivative_test_20_2_1.mat,1,10,10,10001,30,30003,3,4885.59,3512.58,3512.58,0.351223,10001,0.00105356,1182.65,0.0132002,1,0.499617,1,2,1,1,0,1,0.499617,1,1.39814e-05,0,1,0.499617,0,1149.03,0
./moose100/AC_mobility_derivative_test_20_3_1.mat,1,10,10,10001,30,30003,3,4885.59,3512.59,3512.59,0.351224,10001,0.00105357,1182.65,0.0132002,1,0.499617,1,2,1,1,0,1,0.499617,1,1.39814e-05,0,1,0.499617,0,1149.03,0
./moose100/AC_mobility_derivative_test_20_4_1.mat,1,10,10,10001,30,30003,3,4885.59,3512.59,3512.59,0.351224,10001,0.00105357,1182.65,0.0132002,1,0.499617,1,2,1,1,0,1,0.499617,1,1.39814e-05,0,1,0.499617,0,1149.03,0
./moose100/AC_mobility_derivative_test_20_5_1.mat,1,10,10,10001,30,30003,3,4885.59,3512.59,3512.59,0.351224,10001,0.00105357,1182.65,0.0132002,1,0.499617,1,2,1,1,0,1,0.499617,1,1.39814e-05,0,1,0.499617,0,1149.03,0
./moose100/AC_mobility_derivative_test_20_6_1.mat,1,10,10,10001,30,30003,3,4885.59,3512.59,3512.59,0.351224,10001,0.00105357,1182.65,0.0132002,1,0.499617,1,2,1,1,0,1,0.499617,1,1.39814e-05,0,1,0.499617,0,1149.03,0
./moose100/AC_mobility_derivative_test_20_7_1.mat,1,10,10,10001,30,30003,3,4885.59,3512.59,3512.59,0.351224,10001,0.00105357,1182.65,0.0132002,1,0.499617,1,2,1,1,0,1,0.499617,1,1.39814e-05,0,1,0.499617,0,1149.03,0
./moose100/AC_mobility_derivative_test_20_8_1.mat,1,10,10,10001,30,30003,3,4885.59,3512.59,3512.59,0.351224,10001,0.00105357,1182.65,0.0132002,1,0.499617,1,2,1,1,0,1,0.499617,1,1.39814e-05,0,1,0.499617,0,1149.03,0
./moose100/AC_mobility_derivative_test_20_9_1.mat,1,10,10,10001,30,30003,3,4885.59,3512.59,3512.59,0.351224,10001,0.00105357,1182.65,0.0132002,1,0.499617,1,2,1,1,0,1,0.499617,1,1.39814e-05,0,1,0.499617,0,1149.03,0
./moose100/AC_mobility_derivative_test_2_10_1.mat,1,10,10,10001,30,30003,3,4913.22,3518.68,3518.68,0.351833,10001,0.00105539,1174.97,0.012937,1,0.494849,1,2,1,1,0,1,0.564016,1,1.38005e-05,0,1,0.521052,0,1137.52,0
./moose100/AC_mobility_derivative_test_2_1_1.mat,1,10,10,10001,30,30003,3,4913.23,3519.09,3519.09,0.351873,10001,0.00105551,1174.98,0.0129371,1,0.495322,1,2,1,1,0,1,0.566115,1,1.38005e-05,0,1,0.523391,0,1137.53,0
./moose100/AC_mobility_derivative_test_2_2_1.mat,1,10,10,10001,30,30003,3,4913.22,3518.75,3518.75,0.35184,10001,0.00105541,1174.97,0.012937,1,0.494849,1,2,1,1,0,1,0.564227,1,1.38005e-05,0,1,0.521344,0,1137.52,0
./moose100/AC_mobility_derivative_test_2_3_1.mat,1,10,10,10001,30,30003,3,4913.22,3518.69,3518.69,0.351833,10001,0.00105539,1174.97,0.012937,1,0.494849,1,2,1,1,0,1,0.564044,1,1.38005e-05,0,1,0.521096,0,1137.52,0
./moose100/AC_mobility_derivative_test_2_4_1.mat,1,10,10,10001,30,30003,3,4913.22,3518.68,3518.68,0.351833,10001,0.00105539,1174.97,0.012937,1,0.494849,1,2,1,1,0,1,0.56402,1,1.38005e-05,0,1,0.521059,0,1137.52,0
./moose100/AC_mobility_derivative_test_2_5_1.mat,1,10,10,10001,30,30003,3,4913.22,3518.68,3518.68,0.351833,10001,0.00105539,1174.97,0.012937,1,0.494849,1,2,1,1,0,1,0.564016,1,1.38005e-05,0,1,0.521053,0,1137.52,0
./moose100/AC_mobility_derivative_test_2_6_1.mat,1,10,10,10001,30,30003,3,4913.22,3518.68,3518.68,0.351833,10001,0.00105539,1174.97,0.012937,1,0.494849,1,2,1,1,0,1,0.564016,1,1.38005e-05,0,1,0.521052,0,1137.52,0
./moose100/AC_mobility_derivative_test_2_7_1.mat,1,10,10,10001,30,30003,3,4913.22,3518.68,3518.68,0.351833,10001,0.00105539,1174.97,0.012937,1,0.494849,1,2,1,1,0,1,0.564016,1,1.38005e-05,0,1,0.521052,0,1137.52,0
./moose100/AC_mobility_derivative_test_2_8_1.mat,1,10,10,10001,30,30003,3,4913.22,3518.68,3518.68,0.351833,10001,0.00105539,1174.97,0.012937,1,0.494849,1,2,1,1,0,1,0.564016,1,1.38005e-05,0,1,0.521052,0,1137.52,0
./moose100/AC_mobility_derivative_test_2_9_1.mat,1,10,10,10001,30,30003,3,4913.22,3518.68,3518.68,0.351833,10001,0.00105539,1174.97,0.012937,1,0.494849,1,2,1,1,0,1,0.564016,1,1.38005e-05,0,1,0.521052,0,1137.52,0
./moose100/AC_mobility_derivative_test_3_10_1.mat,1,10,10,10001,30,30003,3,4904.51,3512.07,3512.07,0.351172,10001,0.00105341,1173.49,0.0129085,1,0.495352,1,2,1,1,0,1,0.550893,1,1.37657e-05,0,1,0.507607,0,1136.27,0
./moose100/AC_mobility_derivative_test_3_1_1.mat,1,10,10,10001,30,30003,3,4904.52,3512.36,3512.36,0.351201,10001,0.0010535,1173.5,0.0129086,1,0.495352,1,2,1,1,0,1,0.552381,1,1.37658e-05,0,1,0.509375,0,1136.27,0
./moose100/AC_mobility_derivative_test_3_2_1.mat,1,10,10,10001,30,30003,3,4904.51,3512.12,3512.12,0.351177,10001,0.00105342,1173.49,0.0129085,1,0.495352,1,2,1,1,0,1,0.551016,1,1.37657e-05,0,1,0.507811,0,1136.27,0
./moose100/AC_mobility_derivative_test_3_3_1.mat,1,10,10,10001,30,30003,3,4904.51,3512.07,3512.07,0.351172,10001,0.00105341,1173.49,0.0129085,1,0.495352,1,2,1,1,0,1,0.550907,1,1.37657e-05,0,1,0.507637,0,1136.27,0
./moose100/AC_mobility_derivative_test_3_4_1.mat,1,10,10,10001,30,30003,3,4904.51,3512.07,3512.07,0.351172,10001,0.00105341,1173.49,0.0129085,1,0.495352,1,2,1,1,0,1,0.550895,1,1.37657e-05,0,1,0.507612,0,1136.27,0
./moose100/AC_mobility_derivative_test_3_5_1.mat,1,10,10,10001,30,30003,3,4904.51,3512.07,3512.07,0.351172,10001,0.00105341,1173.49,0.0129085,1,0.495352,1,2,1,1,0,1,0.550894,1,1.37657e-05,0,1,0.507608,0,1136.27,0
./moose100/AC_mobility_derivative_test_3_6_1.mat,1,10,10,10001,30,30003,3,4904.51,3512.07,3512.07,0.351172,10001,0.00105341,1173.49,0.0129085,1,0.495352,1,2,1,1,0,1,0.550893,1,1.37657e-05,0,1,0.507608,0,1136.27,0
./moose100/AC_mobility_derivative_test_3_7_1.mat,1,10,10,10001,30,30003,3,4904.51,3512.07,3512.07,0.351172,10001,0.00105341,1173.49,0.0129085,1,0.495352,1,2,1,1,0,1,0.550893,1,1.37657e-05,0,1,0.507607,0,1136.27,0
./moose100/AC_mobility_derivative_test_3_8_1.mat,1,10,10,10001,30,30003,3,4904.51,3512.07,3512.07,0.351172,10001,0.00105341,1173.49,0.0129085,1,0.495352,1,2,1,1,0,1,0.550893,1,1.37657e-05,0,1,0.507607,0,1136.27,0
./moose100/AC_mobility_derivative_test_3_9_1.mat,1,10,10,10001,30,30003,3,4904.51,3512.07,3512.07,0.351172,10001,0.00105341,1173.49,0.0129085,1,0.495352,1,2,1,1,0,1,0.550893,1,1.37657e-05,0,1,0.507607,0,1136.27,0
./moose100/AC_mobility_derivative_test_4_10_1.mat,1,10,10,10001,30,30003,3,4897.73,3506.88,3506.88,0.350653,10001,0.00105185,1172.57,0.0128928,1,0.495816,1,2,1,1,0,1,0.538591,1,1.3744e-05,0,1,0.495816,0,1135.58,0
./moose100/AC_mobility_derivative_test_4_1_1.mat,1,10,10,10001,30,30003,3,4897.74,3507.05,3507.05,0.35067,10001,0.0010519,1172.57,0.0128928,1,0.495817,1,2,1,1,0,1,0.539534,1,1.3744e-05,0,1,0.496612,0,1135.58,0
./moose100/AC_mobility_derivative_test_4_2_1.mat,1,10,10,10001,30,30003,3,4897.73,3506.9,3506.9,0.350655,10001,0.00105186,1172.57,0.0128928,1,0.495816,1,2,1,1,0,1,0.538638,1,1.3744e-05,0,1,0.495816,0,1135.58,0
./moose100/AC_mobility_derivative_test_4_3_1.mat,1,10,10,10001,30,30003,3,4897.73,3506.88,3506.88,0.350653,10001,0.00105185,1172.57,0.0128928,1,0.495816,1,2,1,1,0,1,0.538593,1,1.3744e-05,0,1,0.495816,0,1135.58,0
./moose100/AC_mobility_derivative_test_4_4_1.mat,1,10,10,10001,30,30003,3,4897.73,3506.88,3506.88,0.350653,10001,0.00105185,1172.57,0.0128928,1,0.495816,1,2,1,1,0,1,0.538591,1,1.3744e-05,0,1,0.495816,0,1135.58,0
./moose100/AC_mobility_derivative_test_4_5_1.mat,1,10,10,10001,30,30003,3,4897.73,3506.88,3506.88,0.350653,10001,0.00105185,1172.57,0.0128928,1,0.495816,1,2,1,1,0,1,0.538591,1,1.3744e-05,0,1,0.495816,0,1135.58,0
./moose100/AC_mobility_derivative_test_4_6_1.mat,1,10,10,10001,30,30003,3,4897.73,3506.88,3506.88,0.350653,10001,0.00105185,1172.57,0.0128928,1,0.495816,1,2,1,1,0,1,0.538591,1,1.3744e-05,0,1,0.495816,0,1135.58,0
./moose100/AC_mobility_derivative_test_4_7_1.mat,1,10,10,10001,30,30003,3,4897.73,3506.88,3506.88,0.350653,10001,0.00105185,1172.57,0.0128928,1,0.495816,1,2,1,1,0,1,0.538591,1,1.3744e-05,0,1,0.495816,0,1135.58,0
./moose100/AC_mobility_derivative_test_4_8_1.mat,1,10,10,10001,30,30003,3,4897.73,3506.88,3506.88,0.350653,10001,0.00105185,1172.57,0.0128928,1,0.495816,1,2,1,1,0,1,0.538591,1,1.3744e-05,0,1,0.495816,0,1135.58,0
./moose100/AC_mobility_derivative_test_4_9_1.mat,1,10,10,10001,30,30003,3,4897.73,3506.88,3506.88,0.350653,10001,0.00105185,1172.57,0.0128928,1,0.495816,1,2,1,1,0,1,0.538591,1,1.3744e-05,0,1,0.495816,0,1135.58,0
./moose100/AC_mobility_derivative_test_5_10_1.mat,1,10,10,10001,30,30003,3,4892.52,3502.87,3502.87,0.350252,10001,0.00105065,1172.08,0.0128872,1,0.496242,1,2,1,1,0,1,0.52675,1,1.37326e-05,0,1,0.496242,0,1135.33,0
./moose100/AC_mobility_derivative_test_5_1_1.mat,1,10,10,10001,30,30003,3,4892.52,3502.92,3502.92,0.350257,10001,0.00105067,1172.08,0.0128872,1,0.496243,1,2,1,1,0,1,0.527209,1,1.37326e-05,0,1,0.496243,0,1135.33,0
./moose100/AC_mobility_derivative_test_5_2_1.mat,1,10,10,10001,30,30003,3,4892.52,3502.88,3502.88,0.350253,10001,0.00105065,1172.08,0.0128872,1,0.496242,1,2,1,1,0,1,0.526731,1,1.37326e-05,0,1,0.496242,0,1135.33,0
./moose100/AC_mobility_derivative_test_5_3_1.mat,1,10,10,10001,30,30003,3,4892.52,3502.87,3502.87,0.350252,10001,0.00105065,1172.08,0.0128872,1,0.496242,1,2,1,1,0,1,0.526742,1,1.37326e-05,0,1,0.496242,0,1135.33,0
./moose100/AC_mobility_derivative_test_5_4_1.mat,1,10,10,10001,30,30003,3,4892.52,3502.87,3502.87,0.350252,10001,0.00105065,1172.08,0.0128872,1,0.496242,1,2,1,1,0,1,0.526748,1,1.37326e-05,0,1,0.496242,0,1135.33,0
./moose100/AC_mobility_derivative_test_5_5_1.mat,1,10,10,10001,30,30003,3,4892.52,3502.87,3502.87,0.350252,10001,0.00105065,1172.08,0.0128872,1,0.496242,1,2,1,1,0,1,0.52675,1,1.37326e-05,0,1,0.496242,0,1135.33,0
./moose100/AC_mobility_derivative_test_5_6_1.mat,1,10,10,10001,30,30003,3,4892.52,3502.87,3502.87,0.350252,10001,0.00105065,1172.08,0.0128872,1,0.496242,1,2,1,1,0,1,0.52675,1,1.37326e-05,0,1,0.496242,0,1135.33,0
./moose100/AC_mobility_derivative_test_5_7_1.mat,1,10,10,10001,30,30003,3,4892.52,3502.87,3502.87,0.350252,10001,0.00105065,1172.08,0.0128872,1,0.496242,1,2,1,1,0,1,0.52675,1,1.37326e-05,0,1,0.496242,0,1135.33,0
./moose100/AC_mobility_derivative_test_5_8_1.mat,1,10,10,10001,30,30003,3,4892.52,3502.87,3502.87,0.350252,10001,0.00105065,1172.08,0.0128872,1,0.496242,1,2,1,1,0,1,0.52675,1,1.37326e-05,0,1,0.496242,0,1135.33,0
./moose100/AC_mobility_derivative_test_5_9_1.mat,1,10,10,10001,30,30003,3,4892.52,3502.87,3502.87,0.350252,10001,0.00105065,1172.08,0.0128872,1,0.496242,1,2,1,1,0,1,0.52675,1,1.37326e-05,0,1,0.496242,0,1135.33,0
./moose100/AC_mobility_derivative_test_6_10_1.mat,1,10,10,10001,30,30003,3,4888.58,3499.87,3499.87,0.349952,10001,0.00104975,1171.95,0.0128896,1,0.496631,1,2,1,1,0,1,0.515167,1,1.37295e-05,0,1,0.496631,0,1135.44,0
./moose100/AC_mobility_derivative_test_6_1_1.mat,1,10,10,10001,30,30003,3,4888.58,3499.79,3499.79,0.349944,10001,0.00104973,1171.95,0.0128896,1,0.496631,1,2,1,1,0,1,0.515191,1,1.37295e-05,0,1,0.496631,0,1135.44,0
./moose100/AC_mobility_derivative_test_6_2_1.mat,1,10,10,10001,30,30003,3,4888.58,3499.85,3499.85,0.34995,10001,0.00104975,1171.95,0.0128896,1,0.496631,1,2,1,1,0,1,0.515094,1,1.37295e-05,0,1,0.496631,0,1135.44,0
./moose100/AC_mobility_derivative_test_6_3_1.mat,1,10,10,10001,30,30003,3,4888.58,3499.87,3499.87,0.349952,10001,0.00104975,1171.95,0.0128896,1,0.496631,1,2,1,1,0,1,0.515152,1,1.37295e-05,0,1,0.496631,0,1135.44,0
./moose100/AC_mobility_derivative_test_6_4_1.mat,1,10,10,10001,30,30003,3,4888.58,3499.87,3499.87,0.349952,10001,0.00104975,1171.95,0.0128896,1,0.496631,1,2,1,1,0,1,0.515164,1,1.37295e-05,0,1,0.496631,0,1135.44,0
./moose100/AC_mobility_derivative_test_6_5_1.mat,1,10,10,10001,30,30003,3,4888.58,3499.87,3499.87,0.349952,10001,0.00104975,1171.95,0.0128896,1,0.496631,1,2,1,1,0,1,0.515167,1,1.37295e-05,0,1,0.496631,0,1135.44,0
./moose100/AC_mobility_derivative_test_6_6_1.mat,1,10,10,10001,30,30003,3,4888.58,3499.87,3499.87,0.349952,10001,0.00104975,1171.95,0.0128896,1,0.496631,1,2,1,1,0,1,0.515167,1,1.37295e-05,0,1,0.496631,0,1135.44,0
./moose100/AC_mobility_derivative_test_6_7_1.mat,1,10,10,10001,30,30003,3,4888.58,3499.87,3499.87,0.349952,10001,0.00104975,1171.95,0.0128896,1,0.496631,1,2,1,1,0,1,0.515167,1,1.37295e-05,0,1,0.496631,0,1135.44,0
./moose100/AC_mobility_derivative_test_6_8_1.mat,1,10,10,10001,30,30003,3,4888.58,3499.87,3499.87,0.349952,10001,0.00104975,1171.95,0.0128896,1,0.496631,1,2,1,1,0,1,0.515167,1,1.37295e-05,0,1,0.496631,0,1135.44,0
./moose100/AC_mobility_derivative_test_6_9_1.mat,1,10,10,10001,30,30003,3,4888.58,3499.87,3499.87,0.349952,10001,0.00104975,1171.95,0.0128896,1,0.496631,1,2,1,1,0,1,0.515167,1,1.37295e-05,0,1,0.496631,0,1135.44,0
./moose100/AC_mobility_derivative_test_7_10_1.mat,1,10,10,10001,30,30003,3,4885.65,3497.72,3497.72,0.349737,10001,0.00104911,1172.09,0.0128983,1,0.496985,1,2,1,1,0,1,0.50374,1,1.37328e-05,0,1,0.496985,0,1135.82,0
./moose100/AC_mobility_derivative_test_7_1_1.mat,1,10,10,10001,30,30003,3,4885.65,3497.51,3497.51,0.349716,10001,0.00104904,1172.09,0.0128983,1,0.496985,1,2,1,1,0,1,0.503379,1,1.37328e-05,0,1,0.496985,0,1135.82,0
./moose100/AC_mobility_derivative_test_7_2_1.mat,1,10,10,10001,30,30003,3,4885.65,3497.68,3497.68,0.349733,10001,0.00104909,1172.09,0.0128983,1,0.496985,1,2,1,1,0,1,0.503625,1,1.37328e-05,0,1,0.496985,0,1135.82,0
./moose100/AC_mobility_derivative_test_7_3_1.mat,1,10,10,10001,30,30003,3,4885.65,3497.71,3497.71,0.349736,10001,0.0010491,1172.09,0.0128983,1,0.496985,1,2,1,1,0,1,0.50372,1,1.37328e-05,0,1,0.496985,0,1135.82,0
./moose100/AC_mobility_derivative_test_7_4_1.mat,1,10,10,10001,30,30003,3,4885.65,3497.72,3497.72,0.349737,10001,0.0010491,1172.09,0.0128983,1,0.496985,1,2,1,1,0,1,0.503737,1,1.37328e-05,0,1,0.496985,0,1135.82,0
./moose100/AC_mobility_derivative_test_7_5_1.mat,1,10,10,10001,30,30003,3,4885.65,3497.72,3497.72,0.349737,10001,0.00104911,1172.09,0.0128983,1,0.496985,1,2,1,1,0,1,0.50374,1,1.37328e-05,0,1,0.496985,0,1135.82,0
./moose100/AC_mobility_derivative_test_7_6_1.mat,1,10,10,10001,30,30003,3,4885.65,3497.72,3497.72,0.349737,10001,0.00104911,1172.09,0.0128983,1,0.496985,1,2,1,1,0,1,0.50374,1,1.37328e-05,0,1,0.496985,0,1135.82,0
./moose100/AC_mobility_derivative_test_7_7_1.mat,1,10,10,10001,30,30003,3,4885.65,3497.72,3497.72,0.349737,10001,0.00104911,1172.09,0.0128983,1,0.496985,1,2,1,1,0,1,0.50374,1,1.37328e-05,0,1,0.496985,0,1135.82,0
./moose100/AC_mobility_derivative_test_7_8_1.mat,1,10,10,10001,30,30003,3,4885.65,3497.72,3497.72,0.349737,10001,0.00104911,1172.09,0.0128983,1,0.496985,1,2,1,1,0,1,0.50374,1,1.37328e-05,0,1,0.496985,0,1135.82,0
./moose100/AC_mobility_derivative_test_7_9_1.mat,1,10,10,10001,30,30003,3,4885.65,3497.72,3497.72,0.349737,10001,0.00104911,1172.09,0.0128983,1,0.496985,1,2,1,1,0,1,0.50374,1,1.37328e-05,0,1,0.496985,0,1135.82,0
./moose100/AC_mobility_derivative_test_8_10_1.mat,1,10,10,10001,30,30003,3,4883.55,3496.29,3496.29,0.349594,10001,0.00104868,1172.45,0.012912,1,0.497314,1,2,1,1,0,1,0.497314,1,1.37413e-05,0,1,0.497314,0,1136.42,0
./moose100/AC_mobility_derivative_test_8_1_1.mat,1,10,10,10001,30,30003,3,4883.55,3495.96,3495.96,0.349561,10001,0.00104858,1172.45,0.012912,1,0.497314,1,2,1,1,0,1,0.497314,1,1.37413e-05,0,1,0.497314,0,1136.42,0
./moose100/AC_mobility_derivative_test_8_2_1.mat,1,10,10,10001,30,30003,3,4883.55,3496.24,3496.24,0.349589,10001,0.00104866,1172.45,0.012912,1,0.497314,1,2,1,1,0,1,0.497314,1,1.37413e-05,0,1,0.497314,0,1136.42,0
./moose100/AC_mobility_derivative_test_8_3_1.mat,1,10,10,10001,30,30003,3,4883.55,3496.28,3496.28,0.349593,10001,0.00104867,1172.45,0.012912,1,0.497314,1,2,1,1,0,1,0.497314,1,1.37413e-05,0,1,0.497314,0,1136.42,0
./moose100/AC_mobility_derivative_test_8_4_1.mat,1,10,10,10001,30,30003,3,4883.55,3496.29,3496.29,0.349594,10001,0.00104868,1172.45,0.012912,1,0.497314,1,2,1,1,0,1,0.497314,1,1.37413e-05,0,1,0.497314,0,1136.42,0
./moose100/AC_mobility_derivative_test_8_5_1.mat,1,10,10,10001,30,30003,3,4883.55,3496.29,3496.29,0.349594,10001,0.00104868,1172.45,0.012912,1,0.497314,1,2,1,1,0,1,0.497314,1,1.37413e-05,0,1,0.497314,0,1136.42,0
./moose100/AC_mobility_derivative_test_8_6_1.mat,1,10,10,10001,30,30003,3,4883.55,3496.29,3496.29,0.349594,10001,0.00104868,1172.45,0.012912,1,0.497314,1,2,1,1,0,1,0.497314,1,1.37413e-05,0,1,0.497314,0,1136.42,0
./moose100/AC_mobility_derivative_test_8_7_1.mat,1,10,10,10001,30,30003,3,4883.55,3496.29,3496.29,0.349594,10001,0.00104868,1172.45,0.012912,1,0.497314,1,2,1,1,0,1,0.497314,1,1.37413e-05,0,1,0.497314,0,1136.42,0
./moose100/AC_mobility_derivative_test_8_8_1.mat,1,10,10,10001,30,30003,3,4883.55,3496.29,3496.29,0.349594,10001,0.00104868,1172.45,0.012912,1,0.497314,1,2,1,1,0,1,0.497314,1,1.37413e-05,0,1,0.497314,0,1136.42,0
./moose100/AC_mobility_derivative_test_8_9_1.mat,1,10,10,10001,30,30003,3,4883.55,3496.29,3496.29,0.349594,10001,0.00104868,1172.45,0.012912,1,0.497314,1,2,1,1,0,1,0.497314,1,1.37413e-05,0,1,0.497314,0,1136.42,0
./moose100/AC_mobility_derivative_test_9_10_1.mat,1,10,10,10001,30,30003,3,4882.11,3495.49,3495.49,0.349514,10001,0.00104844,1172.98,0.0129294,1,0.497618,1,2,1,1,0,1,0.497618,1,1.37538e-05,0,1,0.497618,0,1137.19,0
./moose100/AC_mobility_derivative_test_9_1_1.mat,1,10,10,10001,30,30003,3,4882.11,3495.04,3495.04,0.349469,10001,0.0010483,1172.98,0.0129294,1,0.497618,1,2,1,1,0,1,0.497618,1,1.37538e-05,0,1,0.497618,0,1137.19,0
./moose100/AC_mobility_derivative_test_9_2_1.mat,1,10,10,10001,30,30003,3,4882.11,3495.42,3495.42,0.349507,10001,0.00104842,1172.98,0.0129294,1,0.497618,1,2,1,1,0,1,0.497618,1,1.37538e-05,0,1,0.497618,0,1137.19,0
./moose100/AC_mobility_derivative_test_9_3_1.mat,1,10,10,10001,30,30003,3,4882.11,3495.48,3495.48,0.349513,10001,0.00104843,1172.98,0.0129294,1,0.497618,1,2,1,1,0,1,0.497618,1,1.37538e-05,0,1,0.497618,0,1137.19,0
./moose100/AC_mobility_derivative_test_9_4_1.mat,1,10,10,10001,30,30003,3,4882.11,3495.49,3495.49,0.349514,10001,0.00104844,1172.98,0.0129294,1,0.497618,1,2,1,1,0,1,0.497618,1,1.37538e-05,0,1,0.497618,0,1137.19,0
./moose100/AC_mobility_derivative_test_9_5_1.mat,1,10,10,10001,30,30003,3,4882.11,3495.49,3495.49,0.349514,10001,0.00104844,1172.98,0.0129294,1,0.497618,1,2,1,1,0,1,0.497618,1,1.37538e-05,0,1,0.497618,0,1137.19,0
./moose100/AC_mobility_derivative_test_9_6_1.mat,1,10,10,10001,30,30003,3,4882.11,3495.49,3495.49,0.349514,10001,0.00104844,1172.98,0.0129294,1,0.497618,1,2,1,1,0,1,0.497618,1,1.37538e-05,0,1,0.497618,0,1137.19,0
./moose100/AC_mobility_derivative_test_9_7_1.mat,1,10,10,10001,30,30003,3,4882.11,3495.49,3495.49,0.349514,10001,0.00104844,1172.98,0.0129294,1,0.497618,1,2,1,1,0,1,0.497618,1,1.37538e-05,0,1,0.497618,0,1137.19,0
./moose100/AC_mobility_derivative_test_9_8_1.mat,1,10,10,10001,30,30003,3,4882.11,3495.49,3495.49,0.349514,10001,0.00104844,1172.98,0.0129294,1,0.497618,1,2,1,1,0,1,0.497618,1,1.37538e-05,0,1,0.497618,0,1137.19,0
./moose100/AC_mobility_derivative_test_9_9_1.mat,1,10,10,10001,30,30003,3,4882.11,3495.49,3495.49,0.349514,10001,0.00104844,1172.98,0.0129294,1,0.497618,1,2,1,1,0,1,0.497618,1,1.37538e-05,0,1,0.497618,0,1137.19,0
./moose100/applied_strain_test_1_10_1.mat,1,10,10,20402,30,338673,16.6,9.1809e+10,2.44824e+10,2.44824e+10,1.2e+06,20402,1764.53,1.41533e+10,4e+11,148.103,3.25e+06,1,2,405,205,0,1,4.5e+06,0,2.35895e+08,0,0,2.75e+06,0,1.29034e+10,0
./moose100/applied_strain_test_1_11_1.mat,1,10,10,20402,30,324392,15.9,8.77286e+10,2.38023e+10,2.38023e+10,1.16667e+06,20402,1715.52,1.36289e+10,3.7e+11,149.557,3.25e+06,1,2,405,205,0,1,4.5e+06,0,2.18739e+08,0,0,2.75e+06,0,1.24101e+10,0
./moose100/applied_strain_test_1_1_1.mat,1,10,10,20402,30,338673,16.6,9.1809e+10,2.44824e+10,2.44824e+10,1.2e+06,20402,1764.53,1.41533e+10,4e+11,148.077,3.25e+06,1,2,405,205,0,1,4.5e+06,0,2.35895e+08,0,0,2.75e+06,0,1.29034e+10,0
./moose100/applied_strain_test_1_12_1.mat,1,10,10,20402,30,316231,15.5,8.77286e+10,2.38023e+10,2.38023e+10,1.16667e+06,20402,1715.52,1.36289e+10,3.7e+11,146.772,3.25e+06,1,2,405,205,0,1,4.5e+06,0,2.18739e+08,0,0,2.75e+06,0,1.24101e+10,0
./moose100/applied_strain_test_1_13_1.mat,1,10,10,80802,30,1.26051e+06,15.6,3.63609e+11,9.69624e+10,9.69624e+10,1.2e+06,80802,445.534,5.60541e+10,4e+11,311.555,3.25e+06,1,2,805,405,0,1,4.5e+06,0,5.95599e+07,0,0,2.75e+06,0,5.11037e+10,0
./moose100/applied_strain_test_1_14_1.mat,1,10,10,80802,30,1.37363e+06,17,3.63609e+11,9.69624e+10,9.69624e+10,1.2e+06,80802,445.534,5.60541e+10,4e+11,294.462,3.25e+06,1,2,805,405,0,1,4.5e+06,0,5.95599e+07,0,0,2.75e+06,0,5.11037e+10,0
./moose100/applied_strain_test_1_15_1.mat,1,10,10,80802,30,1.31707e+06,16.3,3.63609e+11,9.69624e+10,9.69624e+10,1.2e+06,80802,445.534,5.60541e+10,4e+11,292.144,3.25e+06,1,2,805,405,0,1,4.5e+06,0,5.95599e+07,0,0,2.75e+06,0,5.11037e+10,0
./moose100/applied_strain_test_1_16_1.mat,1,10,10,80802,30,1.34939e+06,16.7,3.63609e+11,9.69624e+10,9.69624e+10,1.2e+06,80802,445.534,5.60541e+10,4e+11,300.019,3.25e+06,1,2,805,405,0,1,4.5e+06,0,5.95599e+07,0,0,2.75e+06,0,5.11037e+10,0
./moose100/applied_strain_test_1_2_1.mat,1,10,10,20402,30,316231,15.5,8.97688e+10,2.44824e+10,2.44824e+10,1.2e+06,20402,1764.53,1.40981e+10,4e+11,150.91,3.25e+06,1,2,405,205,0,1,4.5e+06,0,2.34057e+08,0,0,2.75e+06,0,1.29034e+10,0
