Matrix Name, Comm Size , Edge, Interior ,Dimension,npoints,nnz,AbsoluteTrace,DiagonalNonZeros,DiagonalAverage,lowerBandwidth,MinNonZeroPerRow,ColumnVariance
./WORKING//matrices//494_bus.pbin,1,10,100,494,117,1714.18,125136,494,59.9947,428,1,4534.79
./WORKING//matrices//662_bus.pbin,1,10,100,662,118,2614.9,83635.3,662,22.5193,296,1,115.727
./WORKING//matrices//685_bus.pbin,1,10,100,685,118,3274.3,287784,685,72.3715,451,1,149.425
./WORKING//matrices//adder_dcop_01.pbin,1,10,100,1813,118,9917.11,0.693687,1797.64,2.51157e-05,1703,1,2.20612e-11
./WORKING//matrices//adder_dcop_02.pbin,1,10,100,1813,118,9917.11,8.02101,1797.64,0.00029041,1703,1,1.96402e-09
./WORKING//matrices//adder_dcop_03.pbin,1,10,100,1813,118,9300.69,14.5987,1797.64,0.000528562,1703,1,8.32141e-09
./WORKING//matrices//adder_dcop_04.pbin,1,10,100,1813,118,9554.51,20.4381,1797.64,0.000739987,1703,1,3.78515e-08
./WORKING//matrices//adder_dcop_05.pbin,1,10,100,1813,118,9681.42,60.0023,1797.64,0.00217245,1703,1,2.41902e-07
./WORKING//matrices//adder_dcop_06.pbin,1,10,100,1813,118,9572.64,31.0956,1797.64,0.00112585,1703,1,4.00505e-08
./WORKING//matrices//adder_dcop_07.pbin,1,10,100,1813,118,9699.55,57.0886,1797.64,0.00206696,1703,1,1.43509e-08
./WORKING//matrices//adder_dcop_08.pbin,1,10,100,1813,118,9826.46,33.2004,1797.64,0.00120206,1703,1,9.86635e-09
./WORKING//matrices//adder_dcop_09.pbin,1,10,100,1813,118,9518.25,226.583,1797.64,0.00820371,1703,1,9.94541e-09
./WORKING//matrices//adder_dcop_10.pbin,1,10,100,1813,118,9917.11,34.6367,1797.64,0.00125406,1703,1,8.84452e-09
./WORKING//matrices//adder_dcop_11.pbin,1,10,100,1813,118,9862.72,19.6896,1797.64,0.000712883,1703,1,9.65826e-09
./WORKING//matrices//adder_dcop_12.pbin,1,10,100,1813,118,9880.85,16.1507,1797.64,0.000584755,1703,1,1.12738e-08
./WORKING//matrices//adder_dcop_13.pbin,1,10,100,1813,119,10442.9,13.1141,1767.29,0.000487055,1620,0,1.1039e-05
./WORKING//matrices//adder_dcop_14.pbin,1,10,100,1813,119,10406.6,14.9259,1767.29,0.000554347,1620,0,1.10397e-05
./WORKING//matrices//adder_dcop_15.pbin,1,10,100,1813,119,10297.8,12.899,1767.29,0.000479068,1620,0,1.10388e-05
./WORKING//matrices//adder_dcop_16.pbin,1,10,100,1813,119,10442.9,11.516,1767.29,0.000427703,1620,0,1.10386e-05
./WORKING//matrices//adder_dcop_17.pbin,1,10,100,1813,119,10442.9,11.1816,1767.29,0.000415285,1620,0,1.10393e-05
./WORKING//matrices//adder_dcop_18.pbin,1,10,100,1813,119,10442.9,11.0138,1767.29,0.000409049,1620,0,1.10392e-05
./WORKING//matrices//adder_dcop_19.pbin,1,10,100,1813,119,10442.9,10.9241,1767.29,0.00040572,1620,0,1.10392e-05
./WORKING//matrices//adder_dcop_20.pbin,1,10,100,1813,119,10442.9,10.418,1767.29,0.000386924,1620,0,1.10393e-05
./WORKING//matrices//adder_dcop_21.pbin,1,10,100,1813,119,10442.9,9.08527,1767.29,0.000337426,1620,0,1.10392e-05
./WORKING//matrices//adder_dcop_22.pbin,1,10,100,1813,119,10442.9,9.07558,1767.29,0.000337066,1620,0,1.10392e-05
./WORKING//matrices//adder_dcop_23.pbin,1,10,100,1813,119,10442.9,9.08053,1767.29,0.000337249,1620,0,1.10392e-05
./WORKING//matrices//adder_dcop_24.pbin,1,10,100,1813,119,10442.9,9.08274,1767.29,0.000337332,1620,0,1.10392e-05
./WORKING//matrices//adder_dcop_25.pbin,1,10,100,1813,119,10442.9,9.12067,1767.29,0.00033874,1620,0,1.10393e-05
./WORKING//matrices//adder_dcop_26.pbin,1,10,100,1813,119,10442.9,9.10078,1767.29,0.000338002,1620,0,1.10392e-05
./WORKING//matrices//adder_dcop_27.pbin,1,10,100,1813,119,10442.9,9.08537,1767.29,0.000337429,1620,0,1.10392e-05
./WORKING//matrices//adder_dcop_28.pbin,1,10,100,1813,119,10442.9,9.07933,1767.29,0.000337205,1620,0,1.10392e-05
./WORKING//matrices//adder_dcop_29.pbin,1,10,100,1813,119,10442.9,9.07265,1767.29,0.000336957,1620,0,1.10392e-05
./WORKING//matrices//adder_dcop_30.pbin,1,10,100,1813,119,10442.9,9.07304,1767.29,0.000336971,1620,0,1.10391e-05
./WORKING//matrices//adder_dcop_31.pbin,1,10,100,1813,119,10442.9,9.06972,1767.29,0.000336848,1620,0,1.10391e-05
./WORKING//matrices//adder_dcop_32.pbin,1,10,100,1813,119,10442.9,9.07326,1767.29,0.00033698,1620,0,1.10391e-05
./WORKING//matrices//adder_dcop_33.pbin,1,10,100,1813,119,10442.9,9.07335,1767.29,0.000336983,1620,0,1.10391e-05
./WORKING//matrices//adder_dcop_34.pbin,1,10,100,1813,119,10442.9,9.06882,1767.29,0.000336815,1620,0,1.10391e-05
./WORKING//matrices//adder_dcop_35.pbin,1,10,100,1813,119,10442.9,9.0575,1767.29,0.000336394,1620,0,1.10391e-05
./WORKING//matrices//adder_dcop_36.pbin,1,10,100,1813,119,10442.9,9.44678,1767.29,0.000350852,1620,0,1.10391e-05
./WORKING//matrices//adder_dcop_37.pbin,1,10,100,1813,119,10442.9,9.13428,1767.29,0.000339246,1620,0,1.10392e-05
./WORKING//matrices//adder_dcop_38.pbin,1,10,100,1813,119,10442.9,9.07274,1767.29,0.00033696,1620,0,1.10392e-05
./WORKING//matrices//adder_dcop_39.pbin,1,10,100,1813,119,10442.9,9.06811,1767.29,0.000336789,1620,0,1.10391e-05
./WORKING//matrices//adder_dcop_40.pbin,1,10,100,1813,119,10442.9,9.08885,1767.29,0.000337559,1620,0,1.10391e-05
./WORKING//matrices//adder_dcop_41.pbin,1,10,100,1813,119,10442.9,9.06911,1767.29,0.000336825,1620,0,1.10391e-05
./WORKING//matrices//adder_dcop_42.pbin,1,10,100,1813,119,10442.9,9.06647,1767.29,0.000336727,1620,0,1.10391e-05
./WORKING//matrices//adder_dcop_43.pbin,1,10,100,1813,119,10442.9,9.06956,1767.29,0.000336842,1620,0,1.10391e-05
./WORKING//matrices//adder_dcop_44.pbin,1,10,100,1813,119,10442.9,9.06727,1767.29,0.000336757,1620,0,1.10391e-05
./WORKING//matrices//adder_dcop_45.pbin,1,10,100,1813,119,10442.9,9.06978,1767.29,0.000336851,1620,0,1.10391e-05
./WORKING//matrices//adder_dcop_46.pbin,1,10,100,1813,119,10442.9,9.06846,1767.29,0.000336801,1620,0,1.10391e-05
./WORKING//matrices//adder_dcop_47.pbin,1,10,100,1813,119,10442.9,9.06726,1767.29,0.000336757,1620,0,1.10391e-05
./WORKING//matrices//adder_dcop_48.pbin,1,10,100,1813,119,10442.9,9.06642,1767.29,0.000336726,1620,0,1.10391e-05
./WORKING//matrices//adder_dcop_49.pbin,1,10,100,1813,119,10442.9,9.06643,1767.29,0.000336726,1620,0,1.10391e-05
./WORKING//matrices//adder_dcop_50.pbin,1,10,100,1813,119,10442.9,9.08251,1767.29,0.000337323,1620,0,1.10392e-05
./WORKING//matrices//adder_dcop_51.pbin,1,10,100,1813,119,10442.9,9.05298,1767.29,0.000336226,1620,0,1.10392e-05
./WORKING//matrices//adder_dcop_52.pbin,1,10,100,1813,120,9898.98,9.2601,1782.78,0.000343796,1511,0,5.52485e-06
./WORKING//matrices//adder_dcop_53.pbin,1,10,100,1813,120,9898.98,9.26106,1782.78,0.000343831,1511,0,5.52485e-06
./WORKING//matrices//adder_dcop_54.pbin,1,10,100,1813,120,9898.98,9.26111,1782.78,0.000343833,1511,0,5.52485e-06
./WORKING//matrices//adder_dcop_55.pbin,1,10,100,1813,120,9898.98,9.26111,1782.78,0.000343833,1511,0,5.52485e-06
./WORKING//matrices//adder_dcop_56.pbin,1,10,100,1813,120,9898.98,9.26111,1782.78,0.000343833,1511,0,5.52485e-06
./WORKING//matrices//adder_dcop_57.pbin,1,10,100,1813,120,9898.98,9.26111,1782.78,0.000343833,1511,0,5.52485e-06
./WORKING//matrices//adder_dcop_58.pbin,1,10,100,1813,120,9898.98,9.26111,1782.78,0.000343833,1511,0,5.52485e-06
./WORKING//matrices//adder_dcop_59.pbin,1,10,100,1813,120,9898.98,9.26111,1782.78,0.000343833,1511,0,5.52485e-06
./WORKING//matrices//adder_dcop_60.pbin,1,10,100,1813,120,9898.98,9.26111,1782.78,0.000343833,1511,0,5.52485e-06
./WORKING//matrices//adder_dcop_61.pbin,1,10,100,1813,120,9898.98,9.26111,1782.78,0.000343833,1511,0,5.52485e-06
./WORKING//matrices//adder_dcop_62.pbin,1,10,100,1813,120,9898.98,9.26111,1782.78,0.000343833,1511,0,5.52485e-06
./WORKING//matrices//adder_dcop_63.pbin,1,10,100,1813,120,9898.98,9.26111,1782.78,0.000343833,1511,0,5.52485e-06
./WORKING//matrices//adder_dcop_64.pbin,1,10,100,1813,120,9898.98,9.26111,1782.78,0.000343833,1511,0,5.52485e-06
./WORKING//matrices//adder_dcop_65.pbin,1,10,100,1813,120,9898.98,9.26111,1782.78,0.000343833,1511,0,5.52485e-06
./WORKING//matrices//adder_dcop_66.pbin,1,10,100,1813,120,9898.98,9.26111,1782.78,0.000343833,1511,0,5.52485e-06
./WORKING//matrices//adder_dcop_67.pbin,1,10,100,1813,120,9898.98,9.26111,1782.78,0.000343833,1511,0,5.52485e-06
./WORKING//matrices//adder_dcop_68.pbin,1,10,100,1813,120,9898.98,9.26111,1782.78,0.000343833,1511,0,5.52485e-06
./WORKING//matrices//adder_dcop_69.pbin,1,10,100,1813,120,9898.98,9.26111,1782.78,0.000343833,1511,0,5.52485e-06
./WORKING//matrices//adder_trans_01.pbin,1,10,100,1814,120,11899.8,135.616,1783.77,0.0050294,1802,0,5.84979e-06
./WORKING//matrices//adder_trans_02.pbin,1,10,100,1814,120,11899.8,135.616,1783.77,0.0050294,1802,0,5.84979e-06
./WORKING//matrices//aft01.pbin,1,10,100,8205,120,129721,138049,8205,0.246069,154,1,0.563928
./WORKING//matrices//Alemdar.pbin,1,10,100,6245,120,42590.9,6245,6245,0.0192154,5841,1,0.0755764
./WORKING//matrices//arc130.pbin,1,10,100,130,111,885.3,140.274,130,0.921329,125,1,1.41546e+07
./WORKING//matrices//ash292.pbin,1,10,100,292,116,2225.04,292,292,0.39726,24,1,0.0254719
./WORKING//matrices//ash85.pbin,1,10,100,85,85,531.25,85,85,1,39,3,0.0686695
./WORKING//matrices//b1_ss.pbin,1,10,100,7,7,14,6,6,1,6,2,0.241845
./WORKING//matrices//b2_ss.pbin,1,10,100,1089,119,3561.03,0,0,-nan,891,0,374751
./WORKING//matrices//barth4.pbin,1,10,100,6019,120,41049.6,6019,6019,0.0199369,2295,1,0.00113197
./WORKING//matrices//barth5.pbin,1,10,100,15606,120,107369,15606,15606,0.00768935,13181,1,0.000440689
./WORKING//matrices//barth.pbin,1,10,100,6691,120,45164.2,6691,6691,0.0179345,6509,1,0.00100791
./WORKING//matrices//bayer04.pbin,1,10,100,20545,120,88548.9,0,0,-nan,16851,0,1.36411e+08
./WORKING//matrices//bayer05.pbin,1,10,100,3268,120,14934.8,4.78972e-43,27.2333,6.45816e-46,3008,0,2.47295e+13
./WORKING//matrices//bayer06.pbin,1,10,100,3008,120,29719,0,0,-nan,2739,0,38.8736
./WORKING//matrices//bayer07.pbin,1,10,100,3268,119,17059,0,0,-nan,3008,0,2.53392e+15
./WORKING//matrices//bayer08.pbin,1,10,100,3008,120,19521.9,1.3136e-30,25.0667,2.09059e-33,2627,0,200.856
./WORKING//matrices//bayer09.pbin,1,10,100,3083,119,10173.9,0,0,-nan,2686,0,1.76195e+06
./WORKING//matrices//bayer10.pbin,1,10,100,13436,120,81019.1,0,0,-nan,11739,0,0.0921595
./WORKING//matrices//bcspwr01.pbin,1,10,100,39,39,130.765,39,39,1,38,2,0.0799794
./WORKING//matrices//bcspwr02.pbin,1,10,100,49,49,167.045,49,49,1,34,2,0.065225
./WORKING//matrices//bcspwr03.pbin,1,10,100,118,109,468.46,118,118,0.923729,115,1,0.0326315
./WORKING//matrices//bcspwr04.pbin,1,10,100,274,114,1734.42,274,274,0.416058,265,1,0.0224854
./WORKING//matrices//bcspwr05.pbin,1,10,100,443,119,1656.82,443,443,0.268623,435,1,0.0083788
./WORKING//matrices//bcspwr06.pbin,1,10,100,1454,119,5554.28,1454,1454,0.0818432,1180,1,0.00262084
./WORKING//matrices//bcspwr07.pbin,1,10,100,1612,119,5899.92,1612,1612,0.0738213,1487,1,0.0022657
./WORKING//matrices//bcspwr08.pbin,1,10,100,1624,119,6414.8,1624,1624,0.0732759,1291,1,0.00242661
./WORKING//matrices//bcspwr09.pbin,1,10,100,1723,118,6133.88,1723,1723,0.0684852,1663,1,0.00206207
./WORKING//matrices//bcspwr10.pbin,1,10,100,5300,120,21783,5300,5300,0.0226415,4938,1,0.000774955
./WORKING//matrices//bcsstk01.pbin,1,10,100,48,48,399.628,3.24331e+10,48,6.75689e+08,35,5,2.62658e+16
./WORKING//matrices//bcsstk02.pbin,1,10,100,66,66,4356,305063,66,4622.17,65,66,672269
./WORKING//matrices//bcsstk03.pbin,1,10,100,112,109,655.2,9.4674e+11,112,8.22662e+09,7,4,5.57406e+18
./WORKING//matrices//bcsstk04.pbin,1,10,100,132,110,3762,2.93091e+08,132,1.85032e+06,47,9,1.06106e+11
./WORKING//matrices//bcsstk05.pbin,1,10,100,153,111,2448,1.56221e+08,153,740765,28,4,2.25001e+10
./WORKING//matrices//bcsstk06.pbin,1,10,100,420,116,7803.6,1.61447e+11,420,1.06167e+08,47,1,1.85225e+15
./WORKING//matrices//bcsstk07.pbin,1,10,100,420,116,7803.6,1.61447e+11,420,1.06167e+08,47,1,1.85225e+15
./WORKING//matrices//bcsstk08.pbin,1,10,100,1074,120,12555.1,9.65194e+11,1074,1.00412e+08,590,1,6.38023e+14
./WORKING//matrices//bcsstk09.pbin,1,10,100,1083,118,18194.4,1.72786e+10,1083,1.73834e+06,62,1,5.71002e+11
./WORKING//matrices//bcsstk10.pbin,1,10,100,1086,114,20438.5,5.52586e+09,1086,534128,37,1,9.96631e+10
./WORKING//matrices//bcsstk11.pbin,1,10,100,1473,120,34114.7,7.46859e+10,1473,4.13061e+06,647,1,9.4853e+12
./WORKING//matrices//bcsstk12.pbin,1,10,100,1473,120,34114.7,7.46859e+10,1473,4.13061e+06,647,1,9.4853e+12
./WORKING//matrices//bcsstk13.pbin,1,10,100,2003,120,76654.8,9.91751e+13,2003,2.96635e+09,1176,1,3.7014e+19
./WORKING//matrices//bcsstk14.pbin,1,10,100,1806,120,62903,1.09502e+12,1806,4.02874e+07,159,1,1.53422e+15
./WORKING//matrices//bcsstk15.pbin,1,10,100,3948,120,121362,1.14405e+12,3948,8.8079e+06,402,1,1.72838e+14
./WORKING//matrices//bcsstk16.pbin,1,10,100,4884,120,289426,2.85706e+12,4884,1.4373e+07,140,1,1.38773e+14
./WORKING//matrices//bcsstk18.pbin,1,10,100,11948,120,162732,2.95871e+12,11948,2.4871e+06,1212,1,5.03616e+13
./WORKING//matrices//bcsstk19.pbin,1,10,100,817,118,7173.26,1.04839e+16,817,1.85336e+12,430,1,1.41927e+24
./WORKING//matrices//bcsstk20.pbin,1,10,100,485,116,3089.45,6.48459e+16,485,3.19784e+13,19,1,2.61109e+27
./WORKING//matrices//bcsstk21.pbin,1,10,100,3600,119,25812,1.10677e+11,3600,1.01625e+06,125,1,7.87773e+11
./WORKING//matrices//bcsstk22.pbin,1,10,100,138,112,709.32,1.32899e+08,138,781593,111,1,2.38605e+10
./WORKING//matrices//bcsstk23.pbin,1,10,100,3134,120,46320.5,1.11902e+18,3134,1.36716e+13,449,1,4.89961e+26
./WORKING//matrices//bcsstk26.pbin,1,10,100,1922,119,30559.8,3.69559e+12,1922,1.19048e+08,226,1,4.56002e+16
./WORKING//matrices//bcsstk27.pbin,1,10,100,1224,119,56047,3.25043e+08,1224,25818.2,52,1,2.45034e+08
./WORKING//matrices//bcsstk29.pbin,1,10,100,13992,120,650768,13992,13992,0.00857633,1120,1,0.00331232
./WORKING//matrices//bcsstk33.pbin,1,10,100,8738,120,611573,8738,8738,0.0137331,711,1,0.00794352
./WORKING//matrices//bcsstk34.pbin,1,10,100,588,116,21638.4,1.51333e+09,588,507734,91,2,8.1477e+10
./WORKING//matrices//bcsstm01.pbin,1,10,100,48,48,23.4419,3600,24,150,0,0,276.163
./WORKING//matrices//bcsstm02.pbin,1,10,100,66,66,66,5.9214,66,0.0897181,0,1,0.00016133
./WORKING//matrices//bcsstm03.pbin,1,10,100,112,109,71.68,21367.3,72.9541,285.042,0,0,5214.66
./WORKING//matrices//bcsstm04.pbin,1,10,100,132,113,63.36,5.60104,64.2478,0.0746303,0,0,3.66098e-05
./WORKING//matrices//bcsstm05.pbin,1,10,100,153,112,153,49.1696,153,0.235251,0,1,0.000890149
./WORKING//matrices//bcsstm06.pbin,1,10,100,420,118,420,888812,420,594.557,0,1,25239.2
./WORKING//matrices//bcsstm07.pbin,1,10,100,420,118,7526.4,202984,420,135.783,47,1,1799.04
./WORKING//matrices//bcsstm08.pbin,1,10,100,1074,119,1074,1.00202e+07,1074,1033.75,0,1,596.516
./WORKING//matrices//bcsstm09.pbin,1,10,100,1083,119,1083,0.0825254,1083,8.37294e-06,0,1,1.79654e-11
./WORKING//matrices//bcsstm10.pbin,1,10,100,1086,118,22100.1,5.89452e+06,1086,589.754,37,1,71578.1
./WORKING//matrices//bcsstm11.pbin,1,10,100,1473,118,1473,4713.81,1473,0.256359,0,1,0.051613
./WORKING//matrices//bcsstm12.pbin,1,10,100,1473,118,20342.1,1195.7,1473,0.0650277,562,1,0.00389488
./WORKING//matrices//bcsstm13.pbin,1,10,100,2003,120,18167.2,10476.2,1251.88,0.501351,521,0,0.228229
./WORKING//matrices//bcsstm19.pbin,1,10,100,817,119,817,8.50878e+08,817,151695,0,1,1.07811e+10
./WORKING//matrices//bcsstm20.pbin,1,10,100,485,119,485,2.63297e+08,485,133202,0,1,5.01214e+09
./WORKING//matrices//bcsstm21.pbin,1,10,100,3600,120,3600,0.295127,3600,2.73266e-06,0,1,3.23349e-12
./WORKING//matrices//bcsstm22.pbin,1,10,100,138,113,138,0.239162,138,0.0014191,0,1,7.77356e-08
./WORKING//matrices//bcsstm23.pbin,1,10,100,3134,120,3134,8.4565e+08,3134,10331.8,0,1,7.20407e+07
./WORKING//matrices//bcsstm24.pbin,1,10,100,3562,120,3562,1.69995e+08,3562,1607.79,0,1,3.97379e+06
./WORKING//matrices//bcsstm25.pbin,1,10,100,15439,120,15439,1.68666e+11,15439,84912.4,0,1,3.34135e+11
./WORKING//matrices//bcsstm26.pbin,1,10,100,1922,118,1922,230.989,1922,0.00737848,0,1,3.16113e-05
./WORKING//matrices//bcsstm27.pbin,1,10,100,1224,119,56965,529879,1224,42.0882,52,1,640.582
./WORKING//matrices//bcsstm34.pbin,1,10,100,588,118,24513.7,98.105,588,0.0334825,95,2,0.0007309
./WORKING//matrices//bcsstm38.pbin,1,10,100,8032,120,9879.36,147.02,5020,0.000437554,45,0,2.99306e-07
./WORKING//matrices//b_dyn.pbin,1,10,100,1089,119,3746.16,0.518243,9.15126,0.0061883,918,0,0.00218528
./WORKING//matrices//bfwa398.pbin,1,10,100,398,116,3725.28,1246.67,398,0.91294,299,1,0.0425173
./WORKING//matrices//bfwa62.pbin,1,10,100,62,62,451.404,183.813,62,2.96473,49,3,0.26243
./WORKING//matrices//bfwa782.pbin,1,10,100,782,119,7851.28,2732.33,782,0.5317,593,1,0.0269511
./WORKING//matrices//bfwb398.pbin,1,10,100,398,116,2961.12,0.00352273,398,2.57971e-06,297,1,3.26856e-13
./WORKING//matrices//bfwb62.pbin,1,10,100,62,62,346.982,0.00335319,62,5.40837e-05,48,2,7.89121e-11
./WORKING//matrices//bfwb782.pbin,1,10,100,782,119,6146.52,0.00563621,782,1.09678e-06,593,1,1.01637e-13
./WORKING//matrices//big.pbin,1,10,100,13209,120,91802.6,153224,13209,0.105383,12195,1,0.0126946
./WORKING//matrices//blckhole.pbin,1,10,100,2132,119,14838.7,2132,2132,0.0558161,931,1,0.0032554
./WORKING//matrices//bp_0.pbin,1,10,100,822,117,3041.4,7.02564,7.02564,0.142336,516,0,1.88464
./WORKING//matrices//bp_1000.pbin,1,10,100,822,117,4825.14,7.02564,7.02564,0.142336,795,0,0.752699
./WORKING//matrices//bp_1200.pbin,1,10,100,822,117,4964.88,7.02564,7.02564,0.142336,804,0,0.993881
./WORKING//matrices//bp_1400.pbin,1,10,100,822,117,5227.92,7.02564,7.02564,0.142336,804,0,0.783264
./WORKING//matrices//bp_1600.pbin,1,10,100,822,117,5269.02,7.02564,7.02564,0.142336,804,0,0.808619
./WORKING//matrices//bp_200.pbin,1,10,100,822,117,3838.74,7.02564,7.02564,0.142336,776,0,1.33558
./WORKING//matrices//bp_400.pbin,1,10,100,822,117,4085.34,7.02564,7.02564,0.142336,795,0,1.56356
./WORKING//matrices//bp_600.pbin,1,10,100,822,117,4405.92,7.02564,7.02564,0.142336,795,0,0.918041
./WORKING//matrices//bp_800.pbin,1,10,100,822,117,4923.78,7.02564,7.02564,0.142336,795,0,0.885838
./WORKING//matrices//bwm200.pbin,1,10,100,200,114,798,92447.8,200,263.476,100,1,1781.8
./WORKING//matrices//cage10.pbin,1,10,100,11397,120,149985,7457.9,11397,0.00688996,5317,1,4.03881e-05
./WORKING//matrices//cage3.pbin,1,10,100,5,5,-nan,2.33333,5,0.466667,4,3,-nan
./WORKING//matrices//cage4.pbin,1,10,100,9,9,51.75,5,9,0.555556,7,5,0.0308294
./WORKING//matrices//cage5.pbin,1,10,100,37,37,235.875,21.4,37,0.578378,23,3,0.0103878
./WORKING//matrices//cage6.pbin,1,10,100,93,93,789.443,57,93,0.612903,46,5,0.00441802
./WORKING//matrices//cage7.pbin,1,10,100,340,118,3114.4,212.679,340,0.217095,147,1,0.00127069
./WORKING//matrices//cage8.pbin,1,10,100,1015,118,10759,658.98,1015,0.0754784,415,1,0.000440302
./WORKING//matrices//cage9.pbin,1,10,100,3534,120,42796.7,2233.41,3534,0.0214593,1710,1,0.000123612
./WORKING//matrices//can_1054.pbin,1,10,100,1054,120,11941.8,1054,1054,0.113852,1022,1,0.0106168
./WORKING//matrices//can_1072.pbin,1,10,100,1072,120,12253,1072,1072,0.11194,993,1,0.0105314
./WORKING//matrices//can_144.pbin,1,10,100,144,110,1304.64,144,144,0.763889,142,2,0.0589073
./WORKING//matrices//can_161.pbin,1,10,100,161,113,1368.5,161,161,0.701863,79,3,0.0502772
./WORKING//matrices//can_187.pbin,1,10,100,187,118,1525.92,187,187,0.631016,63,2,0.0419067
./WORKING//matrices//can_229.pbin,1,10,100,229,114,1781.62,229,229,0.497817,172,1,0.0328771
./WORKING//matrices//can_24.pbin,1,10,100,24,24,165.474,24,24,1,21,4,0.208333
./WORKING//matrices//can_256.pbin,1,10,100,256,117,2813.44,256,256,0.457031,251,2,0.0409413
./WORKING//matrices//can_268.pbin,1,10,100,268,116,2990.88,268,268,0.432836,263,2,0.0396735
./WORKING//matrices//can_292.pbin,1,10,100,292,118,2368.12,292,292,0.40411,282,2,0.0269575
./WORKING//matrices//can_445.pbin,1,10,100,445,116,3800.3,445,445,0.260674,403,1,0.0188588
./WORKING//matrices//can_61.pbin,1,10,100,61,61,568.607,61,61,1,50,5,0.127342
./WORKING//matrices//can_62.pbin,1,10,100,62,62,221.895,62,62,1,48,2,0.0550159
./WORKING//matrices//can_634.pbin,1,10,100,634,118,7582.64,634,634,0.18612,524,1,0.0185021
./WORKING//matrices//can_715.pbin,1,10,100,715,119,6527.95,715,715,0.166434,592,1,0.0126163
./WORKING//matrices//can_73.pbin,1,10,100,73,73,371.441,73,73,1,39,3,0.0648559
./WORKING//matrices//can_838.pbin,1,10,100,838,118,9444.26,838,838,0.140811,837,1,0.0132372
./WORKING//matrices//can_96.pbin,1,10,100,96,96,778.549,96,96,1,31,6,0.0779497
./WORKING//matrices//cavity01.pbin,1,10,100,317,117,7531.92,1010.43,227.59,1.63862,102,2,0.0879152
./WORKING//matrices//cavity03.pbin,1,10,100,317,117,7563.62,1034.54,227.59,1.67773,102,2,0.422427
./WORKING//matrices//cavity04.pbin,1,10,100,317,117,6320.98,1139.73,227.59,1.84832,102,1,1.23077
./WORKING//matrices//cavity05.pbin,1,10,100,1182,120,30401,3885.5,847.1,0.465667,177,0,0.0245351
./WORKING//matrices//cavity07.pbin,1,10,100,1182,120,30483.8,3859.11,847.1,0.462505,177,0,0.0371888
./WORKING//matrices//cavity08.pbin,1,10,100,1182,120,27422.4,3844.29,847.1,0.460728,177,0,0.0573486
./WORKING//matrices//cavity09.pbin,1,10,100,1182,120,30483.8,3860.66,847.1,0.462691,177,0,0.0946811
./WORKING//matrices//cavity12.pbin,1,10,100,2597,120,78247.6,8949.78,1926.11,0.214704,252,0,0.0129944
./WORKING//matrices//cavity13.pbin,1,10,100,2597,120,73157.5,8960.89,1926.11,0.214971,252,0,0.0155979
./WORKING//matrices//cavity14.pbin,1,10,100,2597,120,78247.6,8986.26,1926.11,0.21558,252,0,0.020142
./WORKING//matrices//cavity15.pbin,1,10,100,2597,120,73157.5,9104.2,1926.11,0.218409,252,0,0.0263022
./WORKING//matrices//cavity23.pbin,1,10,100,4562,120,127736,16025,3231.42,0.130446,327,0,0.00920712
./WORKING//matrices//cavity24.pbin,1,10,100,4562,120,134397,16024.4,3231.42,0.130441,327,0,0.0101141
./WORKING//matrices//cavity25.pbin,1,10,100,4562,120,127736,16021.7,3231.42,0.130419,327,0,0.0108868
./WORKING//matrices//cavity26.pbin,1,10,100,4562,120,134397,16016.7,3231.42,0.130379,327,0,0.0120641
./WORKING//matrices//cdde1.pbin,1,10,100,961,119,4641.63,3815.85,961,0.49169,31,1,0.0204187
./WORKING//matrices//cdde3.pbin,1,10,100,961,119,4641.63,3768.92,961,0.485643,31,1,0.0200173
./WORKING//matrices//cdde5.pbin,1,10,100,961,119,4641.63,3609.38,961,0.465086,31,1,0.0186896
./WORKING//matrices//cegb2802.pbin,1,10,100,2802,119,279584,2684.27,2684.27,0.0424697,241,0,0.0342054
./WORKING//matrices//cegb2919.pbin,1,10,100,2919,120,334955,2919,2919,0.04111,1895,1,0.0376339
./WORKING//matrices//cegb3024.pbin,1,10,100,3024,120,82434.2,2998.8,2998.8,0.0396825,271,0,0.00892614
./WORKING//matrices//cegb3306.pbin,1,10,100,3306,120,73194.8,3195.8,3195.8,0.0362976,466,0,0.00664013
./WORKING//matrices//cell1.pbin,1,10,100,7055,120,30054.3,877731,7055,2.11616,84,1,3.41615
./WORKING//matrices//cell2.pbin,1,10,100,7055,120,30054.3,877724,7055,2.11614,84,1,3.41611
./WORKING//matrices//circuit_1.pbin,1,10,100,2624,120,23091.2,6.69957,2317.87,0.000132183,2604,0,7.62198e-06
./WORKING//matrices//circuit_2.pbin,1,10,100,4510,120,17228.2,3138.61,4322.08,0.0193219,1274,1,0.000210675
./WORKING//matrices//circuit_3.pbin,1,10,100,12127,120,45112.4,4918.09,11419.6,0.00426161,12077,0,4.39679e-05
./WORKING//matrices//ck104.pbin,1,10,100,104,104,1010.59,69.1159,104,0.664576,55,6,0.00604133
./WORKING//matrices//coater1.pbin,1,10,100,1348,119,19613.4,294.521,294.521,0.0882789,431,0,0.0591892
./WORKING//matrices//commanche_dual.pbin,1,10,100,7920,119,31680,7920,7920,0.0150253,7485,1,0.000504859
./WORKING//matrices//comsol.pbin,1,10,100,1500,119,95250,332.382,1500,0.0175793,1493,1,5.37546e-05
./WORKING//matrices//coupled.pbin,1,10,100,11341,120,100481,11567.5,10395.9,0.0117736,11290,0,0.000476263
./WORKING//matrices//crystm01.pbin,1,10,100,4875,120,107201,3.77955e-09,4875,1.90841e-14,237,1,3.02851e-28
./WORKING//matrices//crystm02.pbin,1,10,100,13965,120,325105,3.83621e-09,13965,2.36049e-15,459,1,1.31752e-29
./WORKING//matrices//curtis54.pbin,1,10,100,54,54,297.551,54,54,1,44,3,0.0916442
./WORKING//matrices//d_dyn1.pbin,1,10,100,87,87,234.476,65.6118,4,16.403,77,1,287458
./WORKING//matrices//d_dyn.pbin,1,10,100,87,87,232.354,0.207484,4,0.0518709,77,1,2.17441
./WORKING//matrices//d_ss.pbin,1,10,100,53,53,142.438,161.832,4,40.4581,45,2,607209
./WORKING//matrices//dw1024.pbin,1,10,100,2048,120,10137.6,960.755,2048,0.0274874,32,1,0.000157867
./WORKING//matrices//dw256A.pbin,1,10,100,512,119,2513.92,255.485,512,0.115977,272,1,0.00121598
./WORKING//matrices//dw256B.pbin,1,10,100,512,119,2544.64,346.507,512,0.157296,272,1,0.000975056
./WORKING//matrices//dwt_1005.pbin,1,10,100,1005,118,8612.85,1005,1005,0.117413,851,1,0.00845109
./WORKING//matrices//dwt_1007.pbin,1,10,100,1007,120,8589.71,1007,1007,0.119166,986,1,0.00840609
./WORKING//matrices//dwt_1242.pbin,1,10,100,1242,119,10532.2,1242,1242,0.0958132,930,1,0.00678476
./WORKING//matrices//dwt_162.pbin,1,10,100,162,111,1192.32,162,162,0.685185,156,2,0.0435404
./WORKING//matrices//dwt_193.pbin,1,10,100,193,113,3587.87,193,193,0.585492,62,3,0.086691
./WORKING//matrices//dwt_198.pbin,1,10,100,198,112,1435.5,198,198,0.565657,36,1,0.0353415
./WORKING//matrices//dwt_209.pbin,1,10,100,209,114,1761.87,209,209,0.545455,183,2,0.0387725
./WORKING//matrices//dwt_221.pbin,1,10,100,221,113,1624.35,221,221,0.511312,174,1,0.0322476
./WORKING//matrices//dwt_234.pbin,1,10,100,234,116,797.94,234,234,0.495726,48,1,0.0143914
./WORKING//matrices//dwt_245.pbin,1,10,100,245,113,1592.5,245,245,0.461224,108,1,0.0258137
./WORKING//matrices//dwt_2680.pbin,1,10,100,2680,119,25808.4,2680,2680,0.044403,2477,1,0.00358112
./WORKING//matrices//dwt_307.pbin,1,10,100,307,116,2548.1,307,307,0.37785,63,1,0.026378
./WORKING//matrices//dwt_310.pbin,1,10,100,310,115,2461.4,310,310,0.370968,28,1,0.0250174
./WORKING//matrices//dwt_346.pbin,1,10,100,346,117,3242.02,346,346,0.33815,318,1,0.0262829
./WORKING//matrices//dwt_361.pbin,1,10,100,361,118,2999.91,361,361,0.32687,50,1,0.0225403
./WORKING//matrices//dwt_419.pbin,1,10,100,419,116,3569.88,419,419,0.27685,266,1,0.0199524
./WORKING//matrices//dwt_492.pbin,1,10,100,492,116,3134.04,492,492,0.235772,415,1,0.012792
./WORKING//matrices//dwt_503.pbin,1,10,100,503,118,6041.03,503,503,0.234592,375,1,0.0232692
./WORKING//matrices//dwt_512.pbin,1,10,100,512,117,3502.08,512,512,0.228516,58,1,0.0131602
./WORKING//matrices//dwt_592.pbin,1,10,100,592,118,5008.32,592,592,0.199324,259,1,0.0141027
./WORKING//matrices//dwt_59.pbin,1,10,100,59,59,267.685,59,59,1,25,2,0.0719311
./WORKING//matrices//dwt_607.pbin,1,10,100,607,119,5274.83,607,607,0.196046,147,1,0.0141205
./WORKING//matrices//dwt_66.pbin,1,10,100,66,66,322.426,66,66,1,44,2,0.069525
./WORKING//matrices//dwt_72.pbin,1,10,100,72,72,225.672,72,72,1,12,2,0.0421543
./WORKING//matrices//dwt_758.pbin,1,10,100,758,117,5965.46,758,758,0.154354,191,1,0.0102844
./WORKING//matrices//dwt_869.pbin,1,10,100,869,117,7395.19,869,869,0.134638,586,1,0.00970441
./WORKING//matrices//dwt_878.pbin,1,10,100,878,119,7445.44,878,878,0.135535,413,1,0.00957434
./WORKING//matrices//dwt_87.pbin,1,10,100,87,87,544.28,87,87,1,63,2,0.0668368
./WORKING//matrices//dwt_918.pbin,1,10,100,918,119,7472.52,918,918,0.12963,839,1,0.00879428
./WORKING//matrices//dwt_992.pbin,1,10,100,992,120,16903.7,992,992,0.120968,513,1,0.0168945
./WORKING//matrices//eris1176.pbin,1,10,100,1176,119,16193.5,1176,1176,0.10119,732,1,0.0112269
./WORKING//matrices//ex10hs.pbin,1,10,100,2548,120,59190,3.94342e+09,2548,72887.9,117,1,7.68244e+09
./WORKING//matrices//ex10.pbin,1,10,100,2410,120,56779.6,2.95854e+09,2410,61125.8,113,1,3.77094e+09
./WORKING//matrices//ex12.pbin,1,10,100,3973,120,78864.1,89936.9,2913.53,0.932353,106,0,0.254963
./WORKING//matrices//ex13.pbin,1,10,100,2568,120,74805.8,7.3103e+11,2568,1.33023e+07,165,1,4.99888e+14
./WORKING//matrices//ex14.pbin,1,10,100,3251,120,67620.8,3.55674e+09,2573.71,51010.2,236,0,1.06796e+09
./WORKING//matrices//ex15.pbin,1,10,100,6867,120,96824.7,1.20215e+12,6867,3.0592e+06,67,1,6.33944e+13
./WORKING//matrices//ex18.pbin,1,10,100,5773,120,68698.7,1.53967e+10,5773,55437.8,150,1,9.26612e+09
./WORKING//matrices//ex1.pbin,1,10,100,216,113,4322.16,6.69993,183.504,0.0191007,62,4,1.03048e-05
./WORKING//matrices//ex20.pbin,1,10,100,2203,120,72390.6,18.3,1597.17,0.000624114,117,0,2.08289e-06
./WORKING//matrices//ex21.pbin,1,10,100,656,119,19896.5,18.516,507.16,0.00662286,140,0,4.68486e-06
./WORKING//matrices//ex22.pbin,1,10,100,839,119,23659.8,722.154,620.437,0.165089,121,0,0.00314244
./WORKING//matrices//ex24.pbin,1,10,100,2283,120,46892.8,15737.7,1636.15,0.505585,167,0,0.076287
./WORKING//matrices//ex25.pbin,1,10,100,848,118,25058.4,22.0189,610.847,0.0050159,95,0,4.45642e-06
./WORKING//matrices//ex26.pbin,1,10,100,2163,120,71011.3,8733.29,1784.47,0.271514,207,0,0.0215867
./WORKING//matrices//ex27.pbin,1,10,100,974,120,38453.5,15.5645,787.317,0.00243562,115,0,1.27848e-06
./WORKING//matrices//ex28.pbin,1,10,100,2603,120,78037.9,17113.8,2039.02,0.38693,111,0,0.0468152
./WORKING//matrices//ex29.pbin,1,10,100,2870,120,24452.4,393.193,2870,0.00572827,42,1,1.07948e-05
./WORKING//matrices//ex2.pbin,1,10,100,441,120,27672.8,1.70887e+09,441,1.05442e+06,128,4,2.74707e+12
./WORKING//matrices//ex31.pbin,1,10,100,3909,120,100188,1701.59,3387.8,0.0154189,141,0,0.000146626
./WORKING//matrices//ex32.pbin,1,10,100,1159,120,11532,3813.08,869.25,0.454181,69,0,0.0565678
./WORKING//matrices//ex33.pbin,1,10,100,1733,119,22113.1,1.78149e+12,1733,7.05885e+07,148,1,2.22383e+16
./WORKING//matrices//ex37.pbin,1,10,100,3565,119,75649.3,45299.5,3565,0.424152,470,1,0.166807
./WORKING//matrices//ex3.pbin,1,10,100,1821,120,51060.8,3.47444e+09,1821,125732,130,1,7.52863e+09
./WORKING//matrices//ex4.pbin,1,10,100,1601,118,29250.3,344.304,1139.69,0.0222661,112,0,0.000110767
./WORKING//matrices//ex5.pbin,1,10,100,27,27,287.182,2.57779e+07,27,954735,20,6,1.28486e+11
./WORKING//matrices//ex6.pbin,1,10,100,1651,119,50784.8,26127.3,1262.53,1.4916,86,0,0.775617
./WORKING//matrices//ex8.pbin,1,10,100,3096,120,95418.7,6.4709e+09,3096,81011,127,1,1.86782e+10
./WORKING//matrices//ex9.pbin,1,10,100,3363,120,96215.4,8.9575e+11,3363,9.50417e+06,85,1,1.28554e+14
./WORKING//matrices//fd12.pbin,1,10,100,7500,120,29775,0,0,-nan,3537,0,51.2488
./WORKING//matrices//fpga_dcop_01.pbin,1,10,100,1220,120,5917,292.062,1067.5,0.0269109,864,0,0.000181039
./WORKING//matrices//fpga_dcop_02.pbin,1,10,100,1220,120,5917,292.135,1067.5,0.0269177,864,0,0.000181061
./WORKING//matrices//fpga_dcop_03.pbin,1,10,100,1220,120,5917,331.941,1067.5,0.0305854,864,0,0.000438026
./WORKING//matrices//fpga_dcop_04.pbin,1,10,100,1220,120,5819.4,322.067,1067.5,0.0296756,864,0,0.000315497
./WORKING//matrices//fpga_dcop_05.pbin,1,10,100,1220,120,5819.4,328.367,1067.5,0.0302561,864,0,0.000284824
./WORKING//matrices//fpga_dcop_06.pbin,1,10,100,1220,120,5819.4,345.965,1067.5,0.0318776,864,0,0.00046929
./WORKING//matrices//fpga_dcop_07.pbin,1,10,100,1220,120,5819.4,344.076,1067.5,0.0317036,864,0,0.000523789
./WORKING//matrices//fpga_dcop_08.pbin,1,10,100,1220,120,5868.2,308.893,1067.5,0.0284618,864,0,0.000217811
./WORKING//matrices//fpga_dcop_09.pbin,1,10,100,1220,120,5904.8,297.854,1067.5,0.0274446,864,0,0.00117622
./WORKING//matrices//fpga_dcop_10.pbin,1,10,100,1220,120,5892.6,293.955,1067.5,0.0270853,864,0,0.000183516
./WORKING//matrices//fpga_dcop_11.pbin,1,10,100,1220,120,5917,293.327,1067.5,0.0270275,864,0,0.000182441
./WORKING//matrices//fpga_dcop_12.pbin,1,10,100,1220,120,5917,292.483,1067.5,0.0269497,864,0,0.000181348
./WORKING//matrices//fpga_dcop_13.pbin,1,10,100,1220,120,5917,292.403,1067.5,0.0269424,864,0,0.000181151
./WORKING//matrices//fpga_dcop_14.pbin,1,10,100,1220,120,5917,292.393,1067.5,0.0269414,864,0,0.000181137
./WORKING//matrices//fpga_dcop_15.pbin,1,10,100,1220,120,5904.8,294.186,1067.5,0.0271067,864,0,0.000182171
./WORKING//matrices//fpga_dcop_16.pbin,1,10,100,1220,120,5917,293.013,1067.5,0.0269985,864,0,0.000181381
./WORKING//matrices//fpga_dcop_17.pbin,1,10,100,1220,120,5917,292.587,1067.5,0.0269593,864,0,0.0001812
./WORKING//matrices//fpga_dcop_18.pbin,1,10,100,1220,120,5917,292.459,1067.5,0.0269475,864,0,0.000181196
./WORKING//matrices//fpga_dcop_19.pbin,1,10,100,1220,120,5917,292.425,1067.5,0.0269444,864,0,0.00018118
./WORKING//matrices//fpga_dcop_20.pbin,1,10,100,1220,119,5185,272.468,1055.97,0.0251682,863,0,0.000172578
./WORKING//matrices//fpga_dcop_21.pbin,1,10,100,1220,119,5185,272.387,1055.97,0.0251607,863,0,0.000172553
./WORKING//matrices//fpga_dcop_22.pbin,1,10,100,1220,119,5172.8,272.394,1055.97,0.0251614,863,0,0.000172556
./WORKING//matrices//fpga_dcop_23.pbin,1,10,100,1220,119,5185,272.398,1055.97,0.0251618,863,0,0.000172557
./WORKING//matrices//fpga_dcop_24.pbin,1,10,100,1220,119,5185,272.4,1055.97,0.0251619,863,0,0.000172557
./WORKING//matrices//fpga_dcop_25.pbin,1,10,100,1220,119,5185,272.4,1055.97,0.0251619,863,0,0.000172557
./WORKING//matrices//fpga_dcop_26.pbin,1,10,100,1220,119,5185,272.4,1055.97,0.0251619,863,0,0.000172557
./WORKING//matrices//fpga_dcop_27.pbin,1,10,100,1220,119,5185,272.399,1055.97,0.0251619,863,0,0.000172557
./WORKING//matrices//fpga_dcop_28.pbin,1,10,100,1220,119,5185,272.4,1055.97,0.0251619,863,0,0.000172557
./WORKING//matrices//fpga_dcop_29.pbin,1,10,100,1220,119,5185,272.4,1055.97,0.0251619,863,0,0.000172557
./WORKING//matrices//fpga_dcop_30.pbin,1,10,100,1220,119,5185,272.4,1055.97,0.0251619,863,0,0.000172557
./WORKING//matrices//fpga_dcop_31.pbin,1,10,100,1220,119,5185,272.4,1055.97,0.0251619,863,0,0.000172557
./WORKING//matrices//fpga_dcop_32.pbin,1,10,100,1220,119,5185,272.4,1055.97,0.0251619,863,0,0.000172557
./WORKING//matrices//fpga_dcop_33.pbin,1,10,100,1220,119,5185,272.4,1055.97,0.0251619,863,0,0.000172557
./WORKING//matrices//fpga_dcop_34.pbin,1,10,100,1220,119,5185,272.4,1055.97,0.0251619,863,0,0.000172557
./WORKING//matrices//fpga_dcop_35.pbin,1,10,100,1220,119,5185,272.4,1055.97,0.0251619,863,0,0.000172557
./WORKING//matrices//fpga_dcop_36.pbin,1,10,100,1220,119,5185,272.4,1055.97,0.0251619,863,0,0.000172557
./WORKING//matrices//fpga_dcop_37.pbin,1,10,100,1220,119,5185,272.4,1055.97,0.0251619,863,0,0.000172557
./WORKING//matrices//fpga_dcop_38.pbin,1,10,100,1220,119,5185,272.4,1055.97,0.0251619,863,0,0.000172557
./WORKING//matrices//fpga_dcop_39.pbin,1,10,100,1220,119,5185,272.4,1055.97,0.0251619,863,0,0.000172557
./WORKING//matrices//fpga_dcop_40.pbin,1,10,100,1220,119,5185,272.4,1055.97,0.0251619,863,0,0.000172557
./WORKING//matrices//fpga_dcop_41.pbin,1,10,100,1220,119,5185,272.4,1055.97,0.0251619,863,0,0.000172557
./WORKING//matrices//fpga_dcop_42.pbin,1,10,100,1220,119,5185,272.4,1055.97,0.0251619,863,0,0.000172557
./WORKING//matrices//fpga_dcop_43.pbin,1,10,100,1220,119,5185,272.4,1055.97,0.0251619,863,0,0.000172557
./WORKING//matrices//fpga_dcop_44.pbin,1,10,100,1220,119,5185,272.4,1055.97,0.0251619,863,0,0.000172557
./WORKING//matrices//fpga_dcop_45.pbin,1,10,100,1220,119,5185,272.4,1055.97,0.0251619,863,0,0.000172557
./WORKING//matrices//fpga_dcop_46.pbin,1,10,100,1220,119,5185,272.4,1055.97,0.0251619,863,0,0.000172557
./WORKING//matrices//fpga_dcop_47.pbin,1,10,100,1220,119,5185,272.4,1055.97,0.0251619,863,0,0.000172557
./WORKING//matrices//fpga_dcop_48.pbin,1,10,100,1220,119,5185,272.4,1055.97,0.0251619,863,0,0.000172557
./WORKING//matrices//fpga_dcop_49.pbin,1,10,100,1220,119,5185,272.4,1055.97,0.0251619,863,0,0.000172557
./WORKING//matrices//fpga_dcop_50.pbin,1,10,100,1220,119,5185,272.4,1055.97,0.0251619,863,0,0.000172557
./WORKING//matrices//fpga_dcop_51.pbin,1,10,100,1220,119,5185,272.4,1055.97,0.0251619,863,0,0.000172557
./WORKING//matrices//fpga_trans_01.pbin,1,10,100,1220,119,6527,275.001,1066.22,0.0251579,1085,0,0.000173823
./WORKING//matrices//fs_541_1.pbin,1,10,100,541,115,3797.82,570.392,541,0.224118,378,1,0.00214636
./WORKING//matrices//fs_541_4.pbin,1,10,100,541,115,3781.59,1.5594e+06,541,612.719,378,1,186664
./WORKING//matrices//fs_760_1.pbin,1,10,100,760,119,5814,3.62727e+08,760,74730.9,740,1,1.01773e+10
./WORKING//matrices//fs_760_2.pbin,1,10,100,760,119,5814,2.83601e+08,760,58428.8,740,1,1.00412e+10
./WORKING//matrices//fs_760_3.pbin,1,10,100,760,119,5905.2,2.836e+08,760,58428.6,740,1,1.00412e+10
./WORKING//matrices//fv1.pbin,1,10,100,9604,120,85859.8,33711.5,9604,0.0438586,99,1,0.00141244
./WORKING//matrices//fv2.pbin,1,10,100,9801,120,87032.9,34402,9801,0.0429758,100,1,0.00138321
./WORKING//matrices//fv3.pbin,1,10,100,9801,120,87032.9,29403,9801,0.0367309,100,1,0.00104439
./WORKING//matrices//G10.pbin,1,10,100,800,118,38816,0,0,-nan,792,1,0.0606528
./WORKING//matrices//G11.pbin,1,10,100,800,118,3200,0,0,-nan,792,0,0.00499844
./WORKING//matrices//G12.pbin,1,10,100,800,118,3200,0,0,-nan,784,0,0.0049995
./WORKING//matrices//G13.pbin,1,10,100,800,118,3200,0,0,-nan,768,0,0.00500019
./WORKING//matrices//G14.pbin,1,10,100,800,118,8728,0,0,-nan,793,0,0.0132484
./WORKING//matrices//G15.pbin,1,10,100,800,118,7936,0,0,-nan,798,0,0.0121923
./WORKING//matrices//G16.pbin,1,10,100,800,118,8024,0,0,-nan,792,0,0.0123095
./WORKING//matrices//G17.pbin,1,10,100,800,118,8280,0,0,-nan,793,0,0.0127145
./WORKING//matrices//G18.pbin,1,10,100,800,118,8728,0,0,-nan,793,0,0.0136395
./WORKING//matrices//G19.pbin,1,10,100,800,118,7936,0,0,-nan,798,0,0.0124013
./WORKING//matrices//G1.pbin,1,10,100,800,118,38440,0,0,-nan,798,3,0.0564607
./WORKING//matrices//G20.pbin,1,10,100,800,118,8024,0,0,-nan,792,0,0.0125372
./WORKING//matrices//G21.pbin,1,10,100,800,118,8280,0,0,-nan,793,0,0.0129433
./WORKING//matrices//G22.pbin,1,10,100,2000,119,38540,0,0,-nan,1986,0,0.00954212
./WORKING//matrices//G23.pbin,1,10,100,2000,119,41960,0,0,-nan,1984,0,0.0103798
./WORKING//matrices//G24.pbin,1,10,100,2000,119,39840,0,0,-nan,1961,0,0.00986122
./WORKING//matrices//G25.pbin,1,10,100,2000,119,39260,0,0,-nan,1976,0,0.00971865
./WORKING//matrices//G26.pbin,1,10,100,2000,119,40060,0,0,-nan,1991,0,0.0099137
./WORKING//matrices//G27.pbin,1,10,100,2000,119,38540,0,0,-nan,1986,0,0.00963473
./WORKING//matrices//G28.pbin,1,10,100,2000,119,41200,0,0,-nan,1985,0,0.0102986
./WORKING//matrices//G29.pbin,1,10,100,2000,119,39840,0,0,-nan,1961,0,0.0099596
./WORKING//matrices//G2.pbin,1,10,100,800,118,38240,0,0,-nan,798,2,0.0561981
./WORKING//matrices//G30.pbin,1,10,100,2000,119,39260,0,0,-nan,1976,0,0.00981356
./WORKING//matrices//G31.pbin,1,10,100,2000,119,40060,0,0,-nan,1991,0,0.0100131
./WORKING//matrices//G32.pbin,1,10,100,2000,119,8000,0,0,-nan,1980,0,0.00199984
./WORKING//matrices//G33.pbin,1,10,100,2000,119,8000,0,0,-nan,1975,0,0.00199994
./WORKING//matrices//G34.pbin,1,10,100,2000,119,8000,0,0,-nan,1960,0,0.00200017
./WORKING//matrices//G35.pbin,1,10,100,2000,119,21000,0,0,-nan,1996,0,0.00520819
./WORKING//matrices//G36.pbin,1,10,100,2000,119,21900,0,0,-nan,1997,0,0.00542823
./WORKING//matrices//G37.pbin,1,10,100,2000,119,20180,0,0,-nan,1991,0,0.00501194
./WORKING//matrices//G38.pbin,1,10,100,2000,119,20300,0,0,-nan,1997,0,0.00504351
./WORKING//matrices//G39.pbin,1,10,100,2000,119,21000,0,0,-nan,1996,0,0.00524907
./WORKING//matrices//G3.pbin,1,10,100,800,118,38912,0,0,-nan,793,2,0.0570995
./WORKING//matrices//G40.pbin,1,10,100,2000,119,21900,0,0,-nan,1997,0,0.00547534
./WORKING//matrices//G41.pbin,1,10,100,2000,119,20180,0,0,-nan,1991,0,0.00504479
./WORKING//matrices//G42.pbin,1,10,100,2000,119,20300,0,0,-nan,1997,0,0.00507501
./WORKING//matrices//G43.pbin,1,10,100,1000,119,19810,0,0,-nan,991,0,0.0194177
./WORKING//matrices//G44.pbin,1,10,100,1000,118,19370,0,0,-nan,986,0,0.018997
./WORKING//matrices//G45.pbin,1,10,100,1000,118,20310,0,0,-nan,997,0,0.0199024
./WORKING//matrices//G46.pbin,1,10,100,1000,118,19790,0,0,-nan,986,0,0.0193994
./WORKING//matrices//G47.pbin,1,10,100,1000,118,19320,0,0,-nan,992,0,0.0189494
./WORKING//matrices//G48.pbin,1,10,100,3000,120,12000,0,0,-nan,2940,0,0.001332
./WORKING//matrices//G49.pbin,1,10,100,3000,120,12000,0,0,-nan,2900,0,0.001332
./WORKING//matrices//G4.pbin,1,10,100,800,119,38168,0,0,-nan,796,2,0.0560909
./WORKING//matrices//G50.pbin,1,10,100,3000,120,12000,0,0,-nan,2880,0,0.001332
./WORKING//matrices//G51.pbin,1,10,100,1000,118,11490,0,0,-nan,998,0,0.0112801
./WORKING//matrices//G52.pbin,1,10,100,1000,118,11620,0,0,-nan,991,0,0.0114052
./WORKING//matrices//G53.pbin,1,10,100,1000,118,10880,0,0,-nan,996,0,0.0107058
./WORKING//matrices//G54.pbin,1,10,100,1000,118,11280,0,0,-nan,992,0,0.0110799
./WORKING//matrices//G55.pbin,1,10,100,5000,120,25300,0,0,-nan,4990,0,0.00101098
./WORKING//matrices//G56.pbin,1,10,100,5000,120,25300,0,0,-nan,4990,0,0.00101199
./WORKING//matrices//G57.pbin,1,10,100,5000,120,20000,0,0,-nan,4950,0,0.000799974
./WORKING//matrices//G58.pbin,1,10,100,5000,120,53050,0,0,-nan,4995,0,0.0021161
./WORKING//matrices//G59.pbin,1,10,100,5000,120,53050,0,0,-nan,4995,0,0.002122
./WORKING//matrices//G5.pbin,1,10,100,800,119,38640,0,0,-nan,792,3,0.0567389
./WORKING//matrices//G60.pbin,1,10,100,7000,119,32130,0,0,-nan,6910,0,0.000655297
./WORKING//matrices//G61.pbin,1,10,100,7000,119,32130,0,0,-nan,6910,0,0.000655709
./WORKING//matrices//G62.pbin,1,10,100,7000,119,28000,0,0,-nan,6930,0,0.000571427
./WORKING//matrices//G63.pbin,1,10,100,7000,119,96810,0,0,-nan,6993,0,0.00195797
./WORKING//matrices//G64.pbin,1,10,100,7000,119,96810,0,0,-nan,6993,0,0.00197573
./WORKING//matrices//G65.pbin,1,10,100,8000,120,32000,0,0,-nan,7920,0,0.000500004
./WORKING//matrices//G66.pbin,1,10,100,9000,120,36000,0,0,-nan,8900,0,0.000444444
./WORKING//matrices//G67.pbin,1,10,100,10000,120,40000,0,0,-nan,9900,0,0.0004
./WORKING//matrices//G6.pbin,1,10,100,800,119,38200,0,0,-nan,798,2,0.0596855
./WORKING//matrices//g7jac010.pbin,1,10,100,2880,120,17625.6,2.30885e+08,2760,3485.58,2867,0,3.59068e+08
./WORKING//matrices//g7jac010sc.pbin,1,10,100,2880,120,17625.6,5347.06,2760,0.0807226,2867,0,37.9977
./WORKING//matrices//g7jac020.pbin,1,10,100,5850,120,40189.5,1.57826e+08,5752.5,562.793,5837,0,3.45613e+07
./WORKING//matrices//g7jac020sc.pbin,1,10,100,5850,120,40189.5,14229.8,5752.5,0.050742,5837,0,0.121919
./WORKING//matrices//g7jac040.pbin,1,10,100,11790,120,96560.1,1.22421e+09,11691.8,1065.72,9759,0,1.94408e+08
./WORKING//matrices//g7jac040sc.pbin,1,10,100,11790,120,96560.1,27468,11691.8,0.023912,9759,0,0.047113
./WORKING//matrices//G7.pbin,1,10,100,800,119,38168,0,0,-nan,798,1,0.0596419
./WORKING//matrices//G8.pbin,1,10,100,800,119,38760,0,0,-nan,793,1,0.0605691
./WORKING//matrices//G9.pbin,1,10,100,800,119,37840,0,0,-nan,796,3,0.0591322
./WORKING//matrices//gemat11.pbin,1,10,100,4929,120,33024.3,290.118,123.225,0.0573189,4749,0,0.00395972
./WORKING//matrices//gemat12.pbin,1,10,100,4929,120,32975,290.118,123.225,0.0573189,4749,0,0.00441264
./WORKING//matrices//gent113.pbin,1,10,100,113,110,673.48,89.3727,89.3727,0.973451,101,1,0.0479994
./WORKING//matrices//gr_30_30.pbin,1,10,100,900,117,7704,7200,900,1.04,31,1,0.0795978
./WORKING//matrices//gre_1107.pbin,1,10,100,1107,120,5712.12,233.125,1107,0.0228284,168,1,0.000255939
./WORKING//matrices//gre_115.pbin,1,10,100,115,110,411.7,63.1421,115,0.52519,39,2,0.00397944
./WORKING//matrices//gre_185.pbin,1,10,100,185,112,987.9,63.089,151.964,0.251338,31,1,0.00179652
./WORKING//matrices//gre_216a.pbin,1,10,100,216,116,814.32,56.7931,158.276,0.192702,14,0,0.00128079
./WORKING//matrices//gre_216b.pbin,1,10,100,216,116,814.32,38.0017,158.276,0.128942,14,0,0.00437394
./WORKING//matrices//gre_343.pbin,1,10,100,343,118,1303.4,84.2966,238.356,0.121667,18,0,0.000795569
./WORKING//matrices//gre_512.pbin,1,10,100,512,118,2007.04,103.051,308.068,0.0770934,23,0,0.000504984
./WORKING//matrices//Hamrle1.pbin,1,10,100,32,32,87.7037,4.05393,5,0.810785,24,2,117.536
./WORKING//matrices//Harvard500.pbin,1,10,100,500,118,2085,50.8475,50.8475,0.236,348,0,0.00816413
./WORKING//matrices//hor_131.pbin,1,10,100,434,117,4188.1,16.8484,434,0.0104656,421,1,2.38081e-05
./WORKING//matrices//hydr1.pbin,1,10,100,5308,120,24788.4,0,0,-nan,4456,0,2.79747e+06
./WORKING//matrices//ibm32.pbin,1,10,100,32,32,122.074,32,32,1,26,2,0.106593
./WORKING//matrices//impcol_a.pbin,1,10,100,207,113,592.02,8.40652,9.15929,0.501028,167,0,98.2039
./WORKING//matrices//impcol_b.pbin,1,10,100,59,59,287.352,15.6537,17,0.920805,43,1,0.0585628
./WORKING//matrices//impcol_c.pbin,1,10,100,137,111,409.63,211.054,58.009,2.94782,91,1,1.39516
./WORKING//matrices//impcol_d.pbin,1,10,100,425,117,1406.75,36.3248,43.5897,0.229412,406,0,0.104001
./WORKING//matrices//init_adder1.pbin,1,10,100,1813,119,10769.2,0.696646,1767.29,2.58734e-05,1646,0,1.10315e-05
./WORKING//matrices//jagmesh1.pbin,1,10,100,936,118,6289.92,936,936,0.126068,733,1,0.00713502
./WORKING//matrices//jagmesh2.pbin,1,10,100,1009,119,6730.03,1009,1009,0.117939,974,1,0.00657279
./WORKING//matrices//jagmesh3.pbin,1,10,100,1089,119,7426.98,1089,1089,0.109275,805,1,0.00622885
./WORKING//matrices//jagmesh4.pbin,1,10,100,1440,119,9619.2,1440,1440,0.0826389,1399,1,0.00462032
./WORKING//matrices//jagmesh5.pbin,1,10,100,1180,118,7764.4,1180,1180,0.1,569,1,0.00554935
./WORKING//matrices//jagmesh6.pbin,1,10,100,1377,119,8922.96,1377,1377,0.0864198,259,1,0.00468673
./WORKING//matrices//jagmesh7.pbin,1,10,100,1138,119,7374.24,1138,1138,0.104569,891,1,0.00566615
./WORKING//matrices//jagmesh8.pbin,1,10,100,1141,120,7450.73,1141,1141,0.105171,224,1,0.00569473
./WORKING//matrices//jagmesh9.pbin,1,10,100,1349,120,9092.26,1349,1349,0.0889548,1024,1,0.00497477
./WORKING//matrices//jan99jac020.pbin,1,10,100,6774,120,59137,5.65976e+06,6774,14.8009,4840,1,1.89357e+06
./WORKING//matrices//jan99jac020sc.pbin,1,10,100,6774,120,59137,21469,6774,0.0561439,4840,1,0.0392831
./WORKING//matrices//jan99jac040.pbin,1,10,100,13694,120,99281.5,1.29442e+07,13694,8.28314,2416,1,566008
./WORKING//matrices//jan99jac040sc.pbin,1,10,100,13694,120,99281.5,50905.4,13694,0.032575,2416,1,0.0134319
./WORKING//matrices//jan99jac060.pbin,1,10,100,20614,120,108842,1.2282e+08,20614,34.6837,2251,1,437970
./WORKING//matrices//jan99jac060sc.pbin,1,10,100,20614,120,108842,54710.9,20614,0.0154501,2251,1,0.00367704
./WORKING//matrices//jgl009.pbin,1,10,100,9,9,51.75,8,8,1,8,3,0.256944
./WORKING//matrices//jgl011.pbin,1,10,100,11,11,66,10,10,1,10,4,0.224242
./WORKING//matrices//jpwh_991.pbin,1,10,100,991,120,5975.73,4434.73,991,0.541877,168,1,0.0376553
./WORKING//matrices//lap_25.pbin,1,10,100,25,25,178.75,25,25,1,6,4,0.2075
./WORKING//matrices//lhr01.pbin,1,10,100,1477,119,16247,124.12,136.529,0.0732454,1120,0,0.00167917
./WORKING//matrices//lhr04c.pbin,1,10,100,4101,119,81486.9,359.654,448.008,0.0232946,3583,0,0.000737316
./WORKING//matrices//lhr04.pbin,1,10,100,4101,119,81486.9,359.309,448.008,0.0232723,3583,0,0.000737003
./WORKING//matrices//lns_131.pbin,1,10,100,131,110,563.3,54.9486,109.564,0.421126,111,1,1.54405e+16
./WORKING//matrices//lns_3937.pbin,1,10,100,3937,119,25511.8,5.26171e+06,3109.9,51.1402,3202,0,3.06504e+17
./WORKING//matrices//lns_511.pbin,1,10,100,511,118,2887.15,676.873,420.059,0.372098,421,0,7.22069e+16
./WORKING//matrices//lnsp_131.pbin,1,10,100,131,110,563.3,58.4626,111.945,0.438524,32,1,1.54216e+16
./WORKING//matrices//lnsp3937.pbin,1,10,100,3937,119,25748,2.33384e+07,3308.4,213.223,87,0,1.62604e+17
./WORKING//matrices//lnsp_511.pbin,1,10,100,511,118,2856.49,1320.83,424.39,0.71869,57,0,5.78677e+16
./WORKING//matrices//lock1074.pbin,1,10,100,1074,119,52518.6,938.622,938.622,0.110801,593,0,0.0433143
./WORKING//matrices//lock2232.pbin,1,10,100,2232,118,78745,2042.85,2042.85,0.0528674,145,0,0.0155421
./WORKING//matrices//lock3491.pbin,1,10,100,3491,120,168092,3491,3491,0.0343741,820,1,0.0135982
./WORKING//matrices//lock_700.pbin,1,10,100,700,118,22568,700,700,0.168571,681,1,0.0437252
./WORKING//matrices//lop163.pbin,1,10,100,163,113,937.25,71.7942,163,0.305346,36,2,0.00281487
./WORKING//matrices//lshp1009.pbin,1,10,100,1009,120,6800.66,1009,1009,0.11893,976,1,0.0066414
./WORKING//matrices//lshp1270.pbin,1,10,100,1270,119,8712.2,1270,1270,0.0937008,1226,1,0.00537647
./WORKING//matrices//lshp1561.pbin,1,10,100,1561,119,10521.1,1561,1561,0.0762332,1507,1,0.00430167
./WORKING//matrices//lshp1882.pbin,1,10,100,1882,120,12722.3,1882,1882,0.063762,1817,1,0.0035808
./WORKING//matrices//lshp2233.pbin,1,10,100,2233,120,15251.4,2233,2233,0.0537394,2155,1,0.00305062
./WORKING//matrices//lshp2614.pbin,1,10,100,2614,120,17592.2,2614,2614,0.0459067,2531,1,0.00256888
./WORKING//matrices//lshp_265.pbin,1,10,100,265,116,1743.7,265,265,0.437736,256,1,0.0242953
./WORKING//matrices//lshp3025.pbin,1,10,100,3025,120,20902.8,3025,3025,0.0396694,2915,1,0.00227982
./WORKING//matrices//lshp3466.pbin,1,10,100,3466,120,23846.1,3466,3466,0.034622,3337,1,0.00198161
./WORKING//matrices//lshp_406.pbin,1,10,100,406,118,2712.08,406,406,0.29064,394,1,0.0162192
./WORKING//matrices//lshp_577.pbin,1,10,100,577,118,3912.06,577,577,0.204506,557,1,0.0116312
./WORKING//matrices//lshp_778.pbin,1,10,100,778,117,5282.62,778,778,0.150386,751,1,0.0086618
./WORKING//matrices//lund_a.pbin,1,10,100,147,112,2573.97,1.32273e+10,147,6.85572e+07,23,3,9.93325e+13
./WORKING//matrices//lund_b.pbin,1,10,100,147,112,2571.03,236971,147,1228.23,23,3,43916.5
./WORKING//matrices//lung1.pbin,1,10,100,1650,119,8085,24199.2,1650,1.05774,160,1,11.1799
./WORKING//matrices//m3plates.pbin,1,10,100,11107,120,7108.48,422.698,7034.43,0.00064921,0,0,2.66604e-07
./WORKING//matrices//mahindas.pbin,1,10,100,1258,118,6604.5,196.062,202.559,0.0907908,1241,0,0.0139795
./WORKING//matrices//man_5976.pbin,1,10,100,5976,120,222606,5926.2,5926.2,0.0200803,431,0,0.00619195
./WORKING//matrices//mark3jac020.pbin,1,10,100,9129,120,43727.9,8242.18,9052.92,0.0119677,1362,0,391.316
./WORKING//matrices//mark3jac020sc.pbin,1,10,100,9129,120,43727.9,6.48591e+07,9052.92,94.1759,1362,0,677558
./WORKING//matrices//mark3jac040.pbin,1,10,100,18289,120,118330,280793,18136.6,0.101583,1362,0,10251.2
./WORKING//matrices//mark3jac040sc.pbin,1,10,100,18289,120,118330,3.00093e+07,18136.6,10.8565,1362,0,84542
./WORKING//matrices//mbeacxc.pbin,1,10,100,496,116,53215.8,15.6439,384.828,0.00950726,490,0,7.96519e-05
./WORKING//matrices//mbeaflw.pbin,1,10,100,496,116,53215.8,133627,384.828,81.2091,490,0,7376.69
./WORKING//matrices//mbeause.pbin,1,10,100,496,116,43672.8,134318,380.552,82.5459,490,0,7873.35
./WORKING//matrices//mcca.pbin,1,10,100,180,114,2795.4,5.46133e+19,180,1.92158e+17,40,1,1.87772e+33
./WORKING//matrices//meg1.pbin,1,10,100,2904,120,51255.6,12752.2,24.2,21.7748,2827,0,8940.54
./WORKING//matrices//meg4.pbin,1,10,100,5860,120,22326.6,1.62413e+07,5371.67,61.9151,5527,0,4223.61
./WORKING//matrices//memplus.pbin,1,10,100,17758,120,133185,814.386,17758,0.000309901,17751,1,3.27444e-07
./WORKING//matrices//mesh1e1.pbin,1,10,100,48,48,310.326,221.104,48,4.60634,47,4,0.516538
./WORKING//matrices//mesh1em1.pbin,1,10,100,48,48,310.326,466.944,48,9.728,47,4,3.6426
./WORKING//matrices//mesh1em6.pbin,1,10,100,48,48,310.326,157.554,48,3.28237,47,4,0.265666
./WORKING//matrices//mesh2e1.pbin,1,10,100,306,116,2041.02,7962.23,306,9.86393,242,1,10.258
./WORKING//matrices//mesh2em5.pbin,1,10,100,306,116,2041.02,2613.9,306,3.2382,242,1,1.89471
./WORKING//matrices//mesh3e1.pbin,1,10,100,289,116,1375.64,1290.53,289,1.79239,281,1,0.0848953
./WORKING//matrices//mesh3em5.pbin,1,10,100,289,116,1375.64,789.768,289,1.09689,281,1,0.0329042
./WORKING//matrices//mhda416.pbin,1,10,100,416,118,8885.76,18.4177,183.322,0.0284977,29,1,34.8836
./WORKING//matrices//mhdb416.pbin,1,10,100,416,118,2242.24,53.4558,416,0.0364494,18,1,7.82701e-05
./WORKING//matrices//msc00726.pbin,1,10,100,726,117,33853.4,2.7259e+11,726,6.05094e+07,188,1,8.69886e+14
./WORKING//matrices//msc01050.pbin,1,10,100,1050,119,22680,6.21993e+08,1050,67135.8,770,1,4.11786e+09
./WORKING//matrices//msc01440.pbin,1,10,100,1440,118,44683.2,2.59464e+08,1440,14765,1388,1,6.19587e+07
./WORKING//matrices//msc04515.pbin,1,10,100,4515,120,97117.6,8.85333e+12,4515,5.21162e+07,162,1,7.75053e+15
./WORKING//matrices//mult_dcop_01.pbin,1,10,100,25187,120,133743,1.30942,22668.3,2.7521e-07,24628,0,1.19109e-06
./WORKING//matrices//nasa1824.pbin,1,10,100,1824,120,37793.3,1.03611e+09,1824,37371.2,237,1,1.58605e+09
./WORKING//matrices//nasa2146.pbin,1,10,100,2146,118,73071.3,1.32676e+10,2146,339949,81,1,4.38703e+10
./WORKING//matrices//nasa2910.pbin,1,10,100,2910,120,168023,6.30943e+09,2910,89409.8,846,1,1.91753e+10
./WORKING//matrices//nasa4704.pbin,1,10,100,4704,120,103347,4.60893e+09,4704,24994.7,419,1,5.46852e+09
./WORKING//matrices//nnc1374.pbin,1,10,100,1374,119,7735.62,0.000305024,992.975,2.66045e-08,136,0,30.575
./WORKING//matrices//nnc261.pbin,1,10,100,261,117,1521.63,0.0311912,147.231,9.49683e-05,64,0,203.623
./WORKING//matrices//nnc666.pbin,1,10,100,666,118,4175.82,0.00480875,417.661,2.03993e-06,261,0,126.762
./WORKING//matrices//nopoly.pbin,1,10,100,10774,120,69707.8,111152,10774,0.114906,9372,1,0.0127764
./WORKING//matrices//nos1.pbin,1,10,100,237,114,1019.1,9.75675e+10,237,1.98022e+08,4,1,3.27121e+15
./WORKING//matrices//nos2.pbin,1,10,100,957,119,4172.52,2.40419e+13,957,3.12387e+09,4,1,3.10585e+18
./WORKING//matrices//nos3.pbin,1,10,100,960,117,15638.4,185906,960,23.6014,43,1,62.8453
./WORKING//matrices//nos4.pbin,1,10,100,100,100,607.368,33.7976,100,0.337976,13,2,0.00181002
./WORKING//matrices//nos5.pbin,1,10,100,468,119,5176.08,8.78499e+07,468,47730.5,174,1,1.18176e+08
./WORKING//matrices//nos6.pbin,1,10,100,675,119,3287.25,4.25424e+08,675,111112,30,1,5.08901e+09
./WORKING//matrices//nos7.pbin,1,10,100,729,119,4636.44,2.08443e+08,729,46674.5,81,1,2.80229e+09
./WORKING//matrices//odepa400.pbin,1,10,100,400,116,1200,793.207,400,0.575075,399,1,0.0150376
./WORKING//matrices//odepb400.pbin,1,10,100,400,116,400,7.84724e-12,396.552,5.73872e-15,0,0,1.02818e-30
./WORKING//matrices//olm1000.pbin,1,10,100,1000,118,4000,2.23965e+06,1000,264.278,2,1,1.81016e+06
./WORKING//matrices//olm100.pbin,1,10,100,100,100,400,2425.36,100,24.2536,2,2,1741.12
./WORKING//matrices//olm500.pbin,1,10,100,500,117,2000,293666,500,137.435,2,1,220464
./WORKING//matrices//orani678.pbin,1,10,100,2529,120,66487.4,295.089,337.2,0.0415238,2301,0,0.000729202
./WORKING//matrices//orsirr_1.pbin,1,10,100,1030,120,6983.4,3.00339e+07,1030,3397.18,554,1,3.64698e+06
./WORKING//matrices//orsirr_2.pbin,1,10,100,886,118,5865.32,2.06802e+07,886,3108.63,544,1,3.92929e+06
./WORKING//matrices//orsreg_1.pbin,1,10,100,2205,120,14244.3,3.09416e+07,2205,763.671,441,1,144855
./WORKING//matrices//oscil_dcop_01.pbin,1,10,100,430,119,1470.6,1.64644e+07,361.345,12609.7,202,0,1.4546e+08
./WORKING//matrices//oscil_dcop_02.pbin,1,10,100,430,119,1470.6,1.64653e+07,361.345,12610.3,202,0,1.45464e+08
./WORKING//matrices//oscil_dcop_03.pbin,1,10,100,430,119,1470.6,1.64646e+07,361.345,12609.8,202,0,1.45461e+08
./WORKING//matrices//oscil_dcop_04.pbin,1,10,100,430,119,1470.6,1.64645e+07,361.345,12609.7,202,0,1.45467e+08
./WORKING//matrices//oscil_dcop_05.pbin,1,10,100,430,119,1470.6,1.64646e+07,361.345,12609.8,202,0,1.45466e+08
./WORKING//matrices//oscil_dcop_06.pbin,1,10,100,430,119,1470.6,1.64653e+07,361.345,12610.4,202,0,1.4546e+08
./WORKING//matrices//oscil_dcop_07.pbin,1,10,100,430,119,1470.6,1.64647e+07,361.345,12609.9,202,0,1.4546e+08
./WORKING//matrices//oscil_dcop_08.pbin,1,10,100,430,119,1470.6,1.64645e+07,361.345,12609.7,202,0,1.4546e+08
./WORKING//matrices//oscil_dcop_09.pbin,1,10,100,430,119,1470.6,1.64644e+07,361.345,12609.6,202,0,1.4546e+08
./WORKING//matrices//oscil_dcop_10.pbin,1,10,100,430,119,1470.6,1.64644e+07,361.345,12609.6,202,0,1.4546e+08
./WORKING//matrices//oscil_dcop_11.pbin,1,10,100,430,119,1470.6,1.64643e+07,361.345,12609.6,202,0,1.4546e+08
./WORKING//matrices//oscil_dcop_12.pbin,1,10,100,430,119,1470.6,1.64644e+07,361.345,12609.6,202,0,1.4546e+08
./WORKING//matrices//oscil_dcop_13.pbin,1,10,100,430,119,1470.6,1.64644e+07,361.345,12609.6,202,0,1.4546e+08
./WORKING//matrices//oscil_dcop_14.pbin,1,10,100,430,119,1470.6,1.64643e+07,361.345,12609.6,202,0,1.4546e+08
./WORKING//matrices//oscil_dcop_15.pbin,1,10,100,430,119,1470.6,1.64643e+07,361.345,12609.6,202,0,1.4546e+08
./WORKING//matrices//oscil_dcop_16.pbin,1,10,100,430,119,1470.6,1.64643e+07,361.345,12609.6,202,0,1.4546e+08
./WORKING//matrices//oscil_dcop_17.pbin,1,10,100,430,119,1470.6,1.64643e+07,361.345,12609.6,202,0,1.4546e+08
./WORKING//matrices//oscil_dcop_18.pbin,1,10,100,430,119,1470.6,1.64644e+07,361.345,12609.6,202,0,1.4546e+08
./WORKING//matrices//oscil_dcop_19.pbin,1,10,100,430,119,1470.6,1.64644e+07,361.345,12609.6,202,0,1.4546e+08
./WORKING//matrices//oscil_dcop_20.pbin,1,10,100,430,119,1470.6,1.64643e+07,361.345,12609.6,202,0,1.4546e+08
./WORKING//matrices//oscil_dcop_21.pbin,1,10,100,430,119,1470.6,1.64643e+07,361.345,12609.6,202,0,1.4546e+08
./WORKING//matrices//oscil_dcop_22.pbin,1,10,100,430,119,1470.6,1.64643e+07,361.345,12609.6,202,0,1.4546e+08
./WORKING//matrices//oscil_dcop_23.pbin,1,10,100,430,119,1470.6,1.64643e+07,361.345,12609.6,202,0,1.4546e+08
./WORKING//matrices//oscil_dcop_24.pbin,1,10,100,430,119,1470.6,1.64643e+07,361.345,12609.6,202,0,1.4546e+08
./WORKING//matrices//oscil_dcop_25.pbin,1,10,100,430,119,1470.6,1.64643e+07,361.345,12609.6,202,0,1.4546e+08
./WORKING//matrices//oscil_dcop_26.pbin,1,10,100,430,119,1470.6,1.64643e+07,361.345,12609.6,202,0,1.4546e+08
./WORKING//matrices//oscil_dcop_27.pbin,1,10,100,430,119,1470.6,1.64643e+07,361.345,12609.6,202,0,1.4546e+08
./WORKING//matrices//oscil_dcop_28.pbin,1,10,100,430,119,1470.6,1.64643e+07,361.345,12609.6,202,0,1.4546e+08
./WORKING//matrices//oscil_dcop_29.pbin,1,10,100,430,119,1470.6,1.64643e+07,361.345,12609.6,202,0,1.4546e+08
./WORKING//matrices//oscil_dcop_30.pbin,1,10,100,430,119,1470.6,1.64643e+07,361.345,12609.6,202,0,1.4546e+08
./WORKING//matrices//oscil_dcop_31.pbin,1,10,100,430,119,1470.6,1.64643e+07,361.345,12609.6,202,0,1.4546e+08
./WORKING//matrices//oscil_dcop_32.pbin,1,10,100,430,119,1470.6,1.64643e+07,361.345,12609.6,202,0,1.4546e+08
./WORKING//matrices//oscil_dcop_33.pbin,1,10,100,430,119,1470.6,1.64643e+07,361.345,12609.6,202,0,1.4546e+08
./WORKING//matrices//oscil_dcop_34.pbin,1,10,100,430,119,1470.6,1.64643e+07,361.345,12609.6,202,0,1.4546e+08
./WORKING//matrices//oscil_dcop_35.pbin,1,10,100,430,119,1470.6,1.64643e+07,361.345,12609.6,202,0,1.4546e+08
./WORKING//matrices//oscil_dcop_36.pbin,1,10,100,430,119,1470.6,1.64643e+07,361.345,12609.6,202,0,1.4546e+08
./WORKING//matrices//oscil_dcop_37.pbin,1,10,100,430,119,1470.6,1.64643e+07,361.345,12609.6,202,0,1.4546e+08
./WORKING//matrices//oscil_dcop_38.pbin,1,10,100,430,119,1470.6,1.64643e+07,361.345,12609.6,202,0,1.4546e+08
./WORKING//matrices//oscil_dcop_39.pbin,1,10,100,430,118,1509.3,8.23759e+06,360.763,6266.02,200,0,5.08334e+07
./WORKING//matrices//oscil_dcop_40.pbin,1,10,100,430,118,1509.3,8.23759e+06,360.763,6266.02,200,0,5.08334e+07
./WORKING//matrices//oscil_dcop_41.pbin,1,10,100,430,118,1509.3,8.23759e+06,360.763,6266.02,200,0,5.08334e+07
./WORKING//matrices//oscil_dcop_42.pbin,1,10,100,430,118,1509.3,8.23759e+06,360.763,6266.02,200,0,5.08334e+07
./WORKING//matrices//oscil_dcop_43.pbin,1,10,100,430,118,1509.3,8.23759e+06,360.763,6266.02,200,0,5.08334e+07
./WORKING//matrices//oscil_dcop_44.pbin,1,10,100,430,118,1509.3,8.23759e+06,360.763,6266.02,200,0,5.08334e+07
./WORKING//matrices//oscil_dcop_45.pbin,1,10,100,430,118,1509.3,8.23759e+06,360.763,6266.02,200,0,5.08334e+07
./WORKING//matrices//oscil_dcop_46.pbin,1,10,100,430,118,1509.3,8.23759e+06,360.763,6266.02,200,0,5.08334e+07
./WORKING//matrices//oscil_dcop_47.pbin,1,10,100,430,118,1509.3,8.23759e+06,360.763,6266.02,200,0,5.08334e+07
./WORKING//matrices//oscil_dcop_48.pbin,1,10,100,430,118,1509.3,8.23759e+06,360.763,6266.02,200,0,5.08334e+07
./WORKING//matrices//oscil_dcop_49.pbin,1,10,100,430,118,1509.3,8.23759e+06,360.763,6266.02,200,0,5.08334e+07
./WORKING//matrices//oscil_dcop_50.pbin,1,10,100,430,118,1509.3,8.23759e+06,360.763,6266.02,200,0,5.08334e+07
./WORKING//matrices//oscil_dcop_51.pbin,1,10,100,430,118,1509.3,8.23759e+06,360.763,6266.02,200,0,5.08334e+07
./WORKING//matrices//oscil_dcop_52.pbin,1,10,100,430,118,1509.3,8.23759e+06,360.763,6266.02,200,0,5.08334e+07
./WORKING//matrices//oscil_dcop_53.pbin,1,10,100,430,118,1509.3,8.23759e+06,360.763,6266.02,200,0,5.08334e+07
./WORKING//matrices//oscil_dcop_54.pbin,1,10,100,430,118,1509.3,8.23759e+06,360.763,6266.02,200,0,5.08334e+07
./WORKING//matrices//oscil_dcop_55.pbin,1,10,100,430,118,1509.3,8.23759e+06,360.763,6266.02,200,0,5.08334e+07
./WORKING//matrices//oscil_dcop_56.pbin,1,10,100,430,118,1509.3,8.23759e+06,360.763,6266.02,200,0,5.08334e+07
./WORKING//matrices//oscil_dcop_57.pbin,1,10,100,430,118,1509.3,8.23759e+06,360.763,6266.02,200,0,5.08334e+07
./WORKING//matrices//oscil_trans_01.pbin,1,10,100,430,118,1560.9,8.60387e+06,389.915,6055.32,200,0,5.10855e+07
./WORKING//matrices//pcrystk02.pbin,1,10,100,13965,120,945151,13965,13965,0.00859291,461,1,0.00482212
./WORKING//matrices//pcrystk03.pbin,1,10,100,24696,120,1.74625e+06,24696,24696,0.00485909,572,1,0.00285478
./WORKING//matrices//pde225.pbin,1,10,100,225,114,1066.5,952.565,225,2.14504,15,1,0.112525
./WORKING//matrices//pde2961.pbin,1,10,100,2961,120,14627.3,10784,2961,0.147599,47,1,0.00569121
./WORKING//matrices//pde900.pbin,1,10,100,900,118,4320,3843.88,900,0.559973,30,1,0.0258082
./WORKING//matrices//pesa.pbin,1,10,100,11738,120,79701,129901,11738,0.113137,11172,1,0.0133842
./WORKING//matrices//pivtol.pbin,1,10,100,102,102,306,4.87418,102,0.0477861,101,2,1.6077e-05
./WORKING//matrices//pkustk01.pbin,1,10,100,22044,120,978092,22044,22044,0.00544366,12298,1,0.00200797
./WORKING//matrices//pkustk02.pbin,1,10,100,10800,120,854712,10800,10800,0.0111111,10411,1,0.00726473
./WORKING//matrices//plat1919.pbin,1,10,100,1919,120,32124.1,604.324,1919,0.0196925,1297,1,0.000147622
./WORKING//matrices//plat362.pbin,1,10,100,362,116,5820.96,62.967,362,0.0557383,249,2,0.000179191
./WORKING//matrices//plsk1919.pbin,1,10,100,1919,120,9499.05,0,0,-nan,1296,0,0.000166948
./WORKING//matrices//plskz362.pbin,1,10,100,362,116,1777.42,0,0,-nan,248,0,0.000495082
./WORKING//matrices//poisson2D.pbin,1,10,100,367,119,2348.8,190.571,367,0.168373,348,1,0.000868964
./WORKING//matrices//poli_large.pbin,1,10,100,15575,120,33953.5,15575,15575,0.00770465,15446,1,0.000112657
./WORKING//matrices//poli.pbin,1,10,100,4008,120,8136.24,4008,4008,0.0299401,995,1,0.000338588
./WORKING//matrices//pores_1.pbin,1,10,100,30,30,182.4,6.08495e+07,30,2.02832e+06,11,4,5.88001e+11
./WORKING//matrices//pores_2.pbin,1,10,100,1224,120,9706.32,6.44446e+08,1224,51618.5,471,1,9.66627e+09
./WORKING//matrices//pores_3.pbin,1,10,100,532,119,3410.12,3.80761e+06,532,1600.94,77,1,1.06256e+06
./WORKING//matrices//problem1.pbin,1,10,100,415,116,2772.2,1334.46,415,0.898806,315,1,0.0328357
./WORKING//matrices//radfr1.pbin,1,10,100,1048,120,13351.5,243.779,192.133,0.145283,948,0,0.015644
./WORKING//matrices//raefsky5.pbin,1,10,100,6316,120,175901,9.14014e+10,6316,274947,404,1,4.14764e+10
./WORKING//matrices//raefsky6.pbin,1,10,100,3402,119,122880,2.53057e+16,3402,2.60193e+11,291,1,4.96619e+23
./WORKING//matrices//rajat01.pbin,1,10,100,6833,120,34028.3,5921.93,5921.93,0.0175618,6826,0,0.000728215
./WORKING//matrices//rajat02.pbin,1,10,100,1960,119,9251.2,1795.29,1795.29,0.0607143,1949,0,0.0024021
./WORKING//matrices//rajat03.pbin,1,10,100,7602,120,32916.7,91224.3,6968.5,0.206645,7593,0,0.0526261
./WORKING//matrices//rajat04.pbin,1,10,100,1041,120,6516.66,239349,945.575,29.1787,1012,0,92.8043
./WORKING//matrices//rajat05.pbin,1,10,100,301,113,1237.11,179.78,293.009,0.230342,298,1,0.0064261
./WORKING//matrices//rajat06.pbin,1,10,100,10922,120,46418.5,10011.8,10011.8,0.010987,10913,0,0.000388999
./WORKING//matrices//rajat07.pbin,1,10,100,14842,120,63672.2,13481.5,13481.5,0.00808516,14833,0,0.000288976
./WORKING//matrices//rajat08.pbin,1,10,100,19362,120,82094.9,17587.2,17587.2,0.00619771,19353,0,0.000218946
./WORKING//matrices//rajat11.pbin,1,10,100,135,109,649.35,65.1229,131.284,0.40051,133,1,0.0233894
./WORKING//matrices//rajat12.pbin,1,10,100,1879,120,9225.89,14638.6,1738.08,0.537881,1877,1,0.00202438
./WORKING//matrices//rajat13.pbin,1,10,100,7598,120,35558.6,6.0293e+07,7218.1,131.925,7594,1,3159.96
./WORKING//matrices//rajat14.pbin,1,10,100,180,113,1182.6,218015,165.664,826.16,177,1,407451
./WORKING//matrices//rbsa480.pbin,1,10,100,480,117,17260.8,3614.36,65.641,13.4215,477,4,241.045
./WORKING//matrices//rbsb480.pbin,1,10,100,480,117,17270.4,3528.21,69.7436,12.3309,477,4,253.202
./WORKING//matrices//rdb2048.pbin,1,10,100,2048,120,12062.7,53065.7,2048,1.51822,64,1,0.510356
./WORKING//matrices//rdb5000.pbin,1,10,100,5000,120,29450,310995,5000,1.49278,100,1,1.11472
./WORKING//matrices//rdb968.pbin,1,10,100,968,119,5662.8,12140.7,968,1.54185,44,1,0.308253
./WORKING//matrices//rdist1.pbin,1,10,100,4134,120,94048.5,139.981,585.65,0.00693814,3934,0,0.00127301
./WORKING//matrices//rdist2.pbin,1,10,100,3198,120,56572.6,1541.09,533,0.108494,2986,0,0.0133127
./WORKING//matrices//rdist3a.pbin,1,10,100,2398,119,62683.7,67.077,705.294,0.00471956,2116,0,5.70402
./WORKING//matrices//rgg010.pbin,1,10,100,10,10,70,10,10,1,9,4,0.153333
./WORKING//matrices//rw136.pbin,1,10,100,136,112,485.52,0,0,-nan,15,1,0.00290074
./WORKING//matrices//rw496.pbin,1,10,100,496,118,1889.76,0,0,-nan,30,0,0.000713014
./WORKING//matrices//saylr3.pbin,1,10,100,1000,119,3660,847.137,1000,0.100809,100,1,0.00169924
./WORKING//matrices//saylr4.pbin,1,10,100,3564,120,22774,2.11464e+07,3564,199.776,198,1,16212.6
./WORKING//matrices//sherman1.pbin,1,10,100,1000,119,3660,855.541,1000,0.101809,100,1,0.00169924
./WORKING//matrices//sherman2.pbin,1,10,100,1080,120,23187.6,1.37836e+09,1080,141807,221,1,2.36563e+13
./WORKING//matrices//sherman4.pbin,1,10,100,1104,120,3841.92,9086.25,1104,0.894597,368,1,0.21949
./WORKING//matrices//sherman5.pbin,1,10,100,3312,120,22289.8,186933,3312,2.04497,1106,1,12.1478
./WORKING//matrices//shermanACa.pbin,1,10,100,3432,120,22067.8,1705.1,3432,0.0173714,3146,1,0.00651834
./WORKING//matrices//shermanACb.pbin,1,10,100,18510,120,141787,9511.79,18510,0.00333143,15490,1,0.000820599
./WORKING//matrices//shermanACd.pbin,1,10,100,6136,120,40006.7,501.705,6136,0.00159904,5850,1,3.85477e-05
./WORKING//matrices//shl_0.pbin,1,10,100,663,116,1684.02,28.5776,28.5776,0.174962,534,0,271.5
./WORKING//matrices//shl_200.pbin,1,10,100,663,116,1710.54,28.5776,28.5776,0.174962,538,0,261.197
./WORKING//matrices//shl_400.pbin,1,10,100,663,116,1684.02,17.1466,17.1466,0.174962,538,0,251.841
./WORKING//matrices//shuttle_eddy.pbin,1,10,100,10429,120,105020,10429,10429,0.0115064,9509,1,0.000964689
./WORKING//matrices//shyy41.pbin,1,10,100,4720,119,20437.6,99057.7,3252.44,0.767864,40,0,0.24412
./WORKING//matrices//sinc12.pbin,1,10,100,7500,120,278850,0,0,-nan,3599,0,3.71648e+06
./WORKING//matrices//skirt.pbin,1,10,100,12598,120,193379,12598,12598,0.00952532,1046,1,0.00121676
./WORKING//matrices//sphere2.pbin,1,10,100,66,66,453.344,66,66,1,19,5,0.0946196
./WORKING//matrices//sphere3.pbin,1,10,100,258,113,1795.68,258,258,0.437984,47,1,0.02635
./WORKING//matrices//sstmodel.pbin,1,10,100,3345,120,23481.9,3345,3345,0.0358744,122,1,0.00209366
./WORKING//matrices//steam1.pbin,1,10,100,240,117,2152.8,7.71605e+08,240,1.56732e+06,144,2,1.68732e+11
./WORKING//matrices//steam2.pbin,1,10,100,600,120,5628,6.63639e+11,600,2.21213e+08,330,1,7.64247e+15
./WORKING//matrices//steam3.pbin,1,10,100,80,80,318.933,2.78783e+10,80,3.48479e+08,40,1,5.69558e+16
./WORKING//matrices//str_0.pbin,1,10,100,363,115,2537.37,3.15652,3.15652,0.316804,206,0,0.00930089
./WORKING//matrices//str_200.pbin,1,10,100,363,115,3067.35,3.15652,3.15652,0.316804,295,0,0.00970917
./WORKING//matrices//str_400.pbin,1,10,100,363,115,3041.94,3.15652,3.15652,0.316804,295,0,0.0104962
./WORKING//matrices//str_600.pbin,1,10,100,363,115,3259.74,3.15652,3.15652,0.316804,295,0,0.0112956
./WORKING//matrices//struct4.pbin,1,10,100,4350,120,231464,4350,4350,0.0275862,548,1,0.0120608
./WORKING//matrices//swang1.pbin,1,10,100,3169,120,20535.1,30.3688,3169,0.000362882,2962,1,3.19494e-08
./WORKING//matrices//swang2.pbin,1,10,100,3169,120,20535.1,33.2447,3169,0.000397246,2962,1,3.93735e-08
./WORKING//matrices//tandem_vtx.pbin,1,10,100,18454,120,253558,18454,18454,0.00650266,18411,1,0.000744008
./WORKING//matrices//thermal.pbin,1,10,100,3456,119,66769.9,2022.2,3456,0.0201476,2297,1,0.000133989
./WORKING//matrices//tub100.pbin,1,10,100,100,100,400,96148.8,100,961.488,2,3,14185.1
./WORKING//matrices//utm1700b.pbin,1,10,100,1700,119,21998,956.662,1700,0.039392,174,1,0.000588476
./WORKING//matrices//utm300.pbin,1,10,100,300,117,3261,189.588,300,0.246465,74,1,0.0033423
./WORKING//matrices//utm5940.pbin,1,10,100,5940,119,82566,3680.18,5940,0.012412,334,1,0.000168371
./WORKING//matrices//wang1.pbin,1,10,100,2903,119,18927.6,605.249,2903,0.00854647,224,1,4.11383e-05
./WORKING//matrices//wang2.pbin,1,10,100,2903,119,18927.6,598.979,2903,0.00845794,224,1,4.01091e-05
./WORKING//matrices//watt_1.pbin,1,10,100,1856,118,11191.7,424.678,1856,0.0145474,64,1,4.84914e-05
./WORKING//matrices//watt_2.pbin,1,10,100,1856,118,11395.8,408.949,1856,0.0140086,64,1,4.84914e-05
./WORKING//matrices//west0067.pbin,1,10,100,67,67,289.613,0.188005,2,0.0940025,59,1,0.0397607
./WORKING//matrices//west0132.pbin,1,10,100,132,111,418.44,4.13833,7.13514,0.487721,93,0,9.64845e+06
./WORKING//matrices//west0156.pbin,1,10,100,156,112,358.8,0,0,-nan,147,0,2.42575e+10
./WORKING//matrices//west0167.pbin,1,10,100,167,112,529.39,44.1663,17.8929,1.65544,158,0,1.23096e+07
./WORKING//matrices//west0479.pbin,1,10,100,479,118,1580.7,264.717,8.11864,8.0324,388,0,2.09331e+06
./WORKING//matrices//west0497.pbin,1,10,100,497,115,1704.71,29688.9,21.6087,317.912,415,0,1.01777e+07
./WORKING//matrices//west0655.pbin,1,10,100,655,119,3071.95,5.5042,5.5042,0.181679,564,0,3.0857e+06
./WORKING//matrices//west0989.pbin,1,10,100,989,118,3560.4,9.78509,16.7627,0.0696476,401,0,2.05863e+06
./WORKING//matrices//west1505.pbin,1,10,100,1505,120,4214,14.6422,25.0833,0.0465442,545,0,1.35791e+06
./WORKING//matrices//west2021.pbin,1,10,100,2021,119,7053.29,444343,50.9496,513.521,701,0,500131
./WORKING//matrices//will199.pbin,1,10,100,199,112,684.56,24.875,24.875,0.562814,169,0,0.0170073
./WORKING//matrices//will57.pbin,1,10,100,57,57,267.462,57,57,1,44,2,0.0757784
./WORKING//matrices//young3c.pbin,1,10,100,841,119,4003.16,150123,841,25.2583,30,1,54.879
./WORKING//matrices//zenios.pbin,1,10,100,2873,118,574.6,0,0,-nan,624,0,6.88614e-06
