Matrix Name, Comm Size , Edge, Interior ,Dimension,npoints,nnz,AbsoluteTrace,DiagonalNonZeros,DiagonalAverage,lowerBandwidth,MinNonZeroPerRow,ColumnVariance
./WORKING//matrices//494_bus.pbin,1,10,20,494,40,1506.7,208156,494,34.1188,428,1,20588.9
./WORKING//matrices//662_bus.pbin,1,10,20,662,40,2648,111245,662,10.1537,296,1,89.3726
./WORKING//matrices//685_bus.pbin,1,10,20,685,40,3767.5,625566,685,53.3276,437,1,333.003
./WORKING//matrices//adder_dcop_01.pbin,1,10,20,1813,40,9608.9,1.75699,1722.35,2.25066e-05,1408,0,2.75786e-05
./WORKING//matrices//adder_dcop_02.pbin,1,10,20,1813,40,9608.9,20.5729,1722.35,0.000263533,1408,0,2.75868e-05
./WORKING//matrices//adder_dcop_03.pbin,1,10,20,1813,40,8611.75,36.5152,1722.35,0.00046775,1408,0,2.75922e-05
./WORKING//matrices//adder_dcop_04.pbin,1,10,20,1813,40,9246.3,47.9246,1722.35,0.000613902,1408,0,2.75952e-05
./WORKING//matrices//adder_dcop_05.pbin,1,10,20,1813,40,9065,154.42,1722.35,0.00197809,1408,0,2.75838e-05
./WORKING//matrices//adder_dcop_06.pbin,1,10,20,1813,40,9518.25,76.8838,1722.35,0.000984863,1408,0,2.75835e-05
./WORKING//matrices//adder_dcop_07.pbin,1,10,20,1813,40,9427.6,156.155,1722.35,0.0020003,1408,0,2.75828e-05
./WORKING//matrices//adder_dcop_08.pbin,1,10,20,1813,40,9518.25,86.5083,1722.35,0.00110815,1408,0,2.75836e-05
./WORKING//matrices//adder_dcop_09.pbin,1,10,20,1813,40,9246.3,657.119,1722.35,0.00841753,1408,0,2.75832e-05
./WORKING//matrices//adder_dcop_10.pbin,1,10,20,1813,40,9518.25,91.1776,1722.35,0.00116796,1408,0,2.75807e-05
./WORKING//matrices//adder_dcop_11.pbin,1,10,20,1813,40,9518.25,47.1417,1722.35,0.000603874,1408,0,2.75842e-05
./WORKING//matrices//adder_dcop_12.pbin,1,10,20,1813,40,9518.25,36.9312,1722.35,0.000473079,1408,0,2.75957e-05
./WORKING//matrices//adder_dcop_13.pbin,1,10,20,1813,40,9608.9,30.9653,1722.35,0.000396657,1408,0,2.7588e-05
./WORKING//matrices//adder_dcop_14.pbin,1,10,20,1813,40,9608.9,35.718,1722.35,0.000457539,1408,0,2.75849e-05
./WORKING//matrices//adder_dcop_15.pbin,1,10,20,1813,40,9608.9,30.1207,1722.35,0.000385839,1408,0,2.75844e-05
./WORKING//matrices//adder_dcop_16.pbin,1,10,20,1813,40,9608.9,26.2916,1722.35,0.000336789,1408,0,2.75843e-05
./WORKING//matrices//adder_dcop_17.pbin,1,10,20,1813,40,7614.6,26.117,1722.35,0.000334553,1408,0,2.75931e-05
./WORKING//matrices//adder_dcop_18.pbin,1,10,20,1813,40,7614.6,25.6352,1722.35,0.00032838,1408,0,2.75932e-05
./WORKING//matrices//adder_dcop_19.pbin,1,10,20,1813,40,7614.6,25.4293,1722.35,0.000325743,1408,0,2.75931e-05
./WORKING//matrices//adder_dcop_20.pbin,1,10,20,1813,40,7614.6,23.9488,1722.35,0.000306779,1408,0,2.7593e-05
./WORKING//matrices//adder_dcop_21.pbin,1,10,20,1813,40,7614.6,19.9863,1722.35,0.00025602,1408,0,2.7593e-05
./WORKING//matrices//adder_dcop_22.pbin,1,10,20,1813,40,7614.6,20.0029,1722.35,0.000256232,1408,0,2.7593e-05
./WORKING//matrices//adder_dcop_23.pbin,1,10,20,1813,40,7614.6,20.0201,1722.35,0.000256453,1408,0,2.7593e-05
./WORKING//matrices//adder_dcop_24.pbin,1,10,20,1813,40,7614.6,20.0136,1722.35,0.000256369,1408,0,2.7593e-05
./WORKING//matrices//adder_dcop_25.pbin,1,10,20,1813,40,7614.6,20.0191,1722.35,0.00025644,1408,0,2.7593e-05
./WORKING//matrices//adder_dcop_26.pbin,1,10,20,1813,40,7614.6,20.0148,1722.35,0.000256384,1408,0,2.7593e-05
./WORKING//matrices//adder_dcop_27.pbin,1,10,20,1813,40,7614.6,20.0085,1722.35,0.000256304,1408,0,2.7593e-05
./WORKING//matrices//adder_dcop_28.pbin,1,10,20,1813,40,7614.6,20.0118,1722.35,0.000256346,1408,0,2.7593e-05
./WORKING//matrices//adder_dcop_29.pbin,1,10,20,1813,40,7614.6,20.0018,1722.35,0.000256218,1408,0,2.7593e-05
./WORKING//matrices//adder_dcop_30.pbin,1,10,20,1813,40,7614.6,20.0075,1722.35,0.000256291,1408,0,2.7593e-05
./WORKING//matrices//adder_dcop_31.pbin,1,10,20,1813,40,7614.6,19.9995,1722.35,0.000256189,1408,0,2.7593e-05
./WORKING//matrices//adder_dcop_32.pbin,1,10,20,1813,40,7614.6,20.0108,1722.35,0.000256333,1408,0,2.7593e-05
./WORKING//matrices//adder_dcop_33.pbin,1,10,20,1813,40,7614.6,20.0109,1722.35,0.000256334,1408,0,2.7593e-05
./WORKING//matrices//adder_dcop_34.pbin,1,10,20,1813,40,7614.6,19.9982,1722.35,0.000256172,1408,0,2.7593e-05
./WORKING//matrices//adder_dcop_35.pbin,1,10,20,1813,40,7614.6,19.9736,1722.35,0.000255857,1408,0,2.7593e-05
./WORKING//matrices//adder_dcop_36.pbin,1,10,20,1813,40,7614.6,21.1248,1722.35,0.000270604,1408,0,2.7593e-05
./WORKING//matrices//adder_dcop_37.pbin,1,10,20,1813,40,7614.6,20.1872,1722.35,0.000258593,1408,0,2.7593e-05
./WORKING//matrices//adder_dcop_38.pbin,1,10,20,1813,40,7614.6,20.0057,1722.35,0.000256268,1408,0,2.7593e-05
./WORKING//matrices//adder_dcop_39.pbin,1,10,20,1813,40,7614.6,19.9956,1722.35,0.000256138,1408,0,2.7593e-05
./WORKING//matrices//adder_dcop_40.pbin,1,10,20,1813,40,7614.6,20.0576,1722.35,0.000256933,1408,0,2.7593e-05
./WORKING//matrices//adder_dcop_41.pbin,1,10,20,1813,40,7614.6,19.9988,1722.35,0.00025618,1408,0,2.7593e-05
./WORKING//matrices//adder_dcop_42.pbin,1,10,20,1813,40,7614.6,19.991,1722.35,0.00025608,1408,0,2.7593e-05
./WORKING//matrices//adder_dcop_43.pbin,1,10,20,1813,40,7614.6,20.0002,1722.35,0.000256197,1408,0,2.7593e-05
./WORKING//matrices//adder_dcop_44.pbin,1,10,20,1813,40,7614.6,19.9933,1722.35,0.00025611,1408,0,2.7593e-05
./WORKING//matrices//adder_dcop_45.pbin,1,10,20,1813,40,7614.6,20.0008,1722.35,0.000256206,1408,0,2.7593e-05
./WORKING//matrices//adder_dcop_46.pbin,1,10,20,1813,40,7614.6,19.9969,1722.35,0.000256155,1408,0,2.7593e-05
./WORKING//matrices//adder_dcop_47.pbin,1,10,20,1813,40,7614.6,19.9933,1722.35,0.00025611,1408,0,2.7593e-05
./WORKING//matrices//adder_dcop_48.pbin,1,10,20,1813,40,7614.6,19.9908,1722.35,0.000256078,1408,0,2.7593e-05
./WORKING//matrices//adder_dcop_49.pbin,1,10,20,1813,40,7614.6,19.9958,1722.35,0.000256142,1408,0,2.7593e-05
./WORKING//matrices//adder_dcop_50.pbin,1,10,20,1813,40,7614.6,19.9881,1722.35,0.000256043,1408,0,2.7593e-05
./WORKING//matrices//adder_dcop_51.pbin,1,10,20,1813,40,7614.6,19.8936,1722.35,0.000254833,1408,0,2.7593e-05
./WORKING//matrices//adder_dcop_52.pbin,1,10,20,1813,40,7614.6,19.5608,1722.35,0.000250569,1408,0,2.7593e-05
./WORKING//matrices//adder_dcop_53.pbin,1,10,20,1813,40,7614.6,19.5637,1722.35,0.000250606,1408,0,2.7593e-05
./WORKING//matrices//adder_dcop_54.pbin,1,10,20,1813,40,7614.6,19.5639,1722.35,0.000250608,1408,0,2.7593e-05
./WORKING//matrices//adder_dcop_55.pbin,1,10,20,1813,40,7614.6,19.5639,1722.35,0.000250608,1408,0,2.7593e-05
./WORKING//matrices//adder_dcop_56.pbin,1,10,20,1813,40,7614.6,19.5639,1722.35,0.000250608,1408,0,2.7593e-05
./WORKING//matrices//adder_dcop_57.pbin,1,10,20,1813,40,7614.6,19.5639,1722.35,0.000250608,1408,0,2.7593e-05
./WORKING//matrices//adder_dcop_58.pbin,1,10,20,1813,40,7614.6,19.5639,1722.35,0.000250608,1408,0,2.7593e-05
./WORKING//matrices//adder_dcop_59.pbin,1,10,20,1813,40,7614.6,19.5639,1722.35,0.000250608,1408,0,2.7593e-05
./WORKING//matrices//adder_dcop_60.pbin,1,10,20,1813,40,7614.6,19.5639,1722.35,0.000250608,1408,0,2.7593e-05
./WORKING//matrices//adder_dcop_61.pbin,1,10,20,1813,40,7614.6,19.5639,1722.35,0.000250608,1408,0,2.7593e-05
./WORKING//matrices//adder_dcop_62.pbin,1,10,20,1813,40,7614.6,19.5639,1722.35,0.000250608,1408,0,2.7593e-05
./WORKING//matrices//adder_dcop_63.pbin,1,10,20,1813,40,7614.6,19.5639,1722.35,0.000250608,1408,0,2.7593e-05
./WORKING//matrices//adder_dcop_64.pbin,1,10,20,1813,40,7614.6,19.5639,1722.35,0.000250608,1408,0,2.7593e-05
./WORKING//matrices//adder_dcop_65.pbin,1,10,20,1813,39,8974.35,18.7157,1766.51,0.000227906,1598,1,5.45157e-09
./WORKING//matrices//adder_dcop_66.pbin,1,10,20,1813,39,8974.35,18.7157,1766.51,0.000227906,1598,1,5.45157e-09
./WORKING//matrices//adder_dcop_67.pbin,1,10,20,1813,39,8974.35,18.7157,1766.51,0.000227906,1598,1,5.45157e-09
./WORKING//matrices//adder_dcop_68.pbin,1,10,20,1813,39,8974.35,18.7157,1766.51,0.000227906,1598,1,5.45157e-09
./WORKING//matrices//adder_dcop_69.pbin,1,10,20,1813,39,8974.35,18.7157,1766.51,0.000227906,1598,1,5.45157e-09
./WORKING//matrices//adder_trans_01.pbin,1,10,20,1814,40,11972.4,345.838,1768.65,0.00431176,1802,1,2.79074e-05
./WORKING//matrices//adder_trans_02.pbin,1,10,20,1814,40,11972.4,345.839,1768.65,0.00431176,1802,1,2.79074e-05
./WORKING//matrices//aft01.pbin,1,10,20,8205,40,124306,98853.9,8205,0.0587349,154,1,0.124931
./WORKING//matrices//Alemdar.pbin,1,10,20,6245,40,41529.2,6245,6245,0.00640512,5534,1,0.0733766
./WORKING//matrices//arc130.pbin,1,10,20,130,38,494,138.863,130,0.312236,125,3,1.99081e+07
./WORKING//matrices//ash292.pbin,1,10,20,292,40,2336,292,292,0.136986,24,1,0.0266947
./WORKING//matrices//ash85.pbin,1,10,20,85,38,544,85,85,0.447059,39,1,0.0702241
./WORKING//matrices//b1_ss.pbin,1,10,20,7,7,14,6,6,1,6,2,0.241845
./WORKING//matrices//b2_ss.pbin,1,10,20,1089,40,3484.8,0,0,-nan,699,0,1.8451e+06
./WORKING//matrices//barth4.pbin,1,10,20,6019,40,41832.1,6019,6019,0.00664562,3105,1,0.00115353
./WORKING//matrices//barth5.pbin,1,10,20,15606,40,106121,15606,15606,0.00256312,195,1,0.000435566
./WORKING//matrices//barth.pbin,1,10,20,6691,40,46837,6691,6691,0.00597818,6406,1,0.00104519
./WORKING//matrices//bayer04.pbin,1,10,20,20545,40,79098.2,0,0,-nan,16784,0,1.1941e+10
./WORKING//matrices//bayer05.pbin,1,10,20,3268,39,26961,0,0,-nan,3008,0,7.16528e+07
./WORKING//matrices//bayer06.pbin,1,10,20,3008,40,24064,0,0,-nan,2733,0,7.57489e-05
./WORKING//matrices//bayer07.pbin,1,10,20,3268,39,26961,0,0,-nan,3008,0,7.16528e+07
./WORKING//matrices//bayer08.pbin,1,10,20,3008,40,24064,0,0,-nan,2733,0,0.0030061
./WORKING//matrices//bayer09.pbin,1,10,20,3083,40,9557.3,0,0,-nan,2820,0,2.59871
./WORKING//matrices//bayer10.pbin,1,10,20,13436,40,42995.2,0,0,-nan,11475,0,0.119694
./WORKING//matrices//bcspwr01.pbin,1,10,20,39,30,122.85,39,39,0.769231,38,1,0.075641
./WORKING//matrices//bcspwr02.pbin,1,10,20,49,35,159.25,49,49,0.714286,34,1,0.0626701
./WORKING//matrices//bcspwr03.pbin,1,10,20,118,37,454.3,118,118,0.313559,115,1,0.0316058
./WORKING//matrices//bcspwr04.pbin,1,10,20,274,38,1685.1,274,274,0.138686,265,1,0.0218169
./WORKING//matrices//bcspwr05.pbin,1,10,20,443,40,1683.4,443,443,0.0902935,435,1,0.00850842
./WORKING//matrices//bcspwr06.pbin,1,10,20,1454,40,4652.8,1454,1454,0.0275103,612,1,0.00219694
./WORKING//matrices//bcspwr07.pbin,1,10,20,1612,40,5400.2,1612,1612,0.0248139,240,1,0.00207443
./WORKING//matrices//bcspwr08.pbin,1,10,20,1624,39,5927.6,1624,1624,0.0240148,704,1,0.00224306
./WORKING//matrices//bcspwr09.pbin,1,10,20,1723,40,6375.1,1723,1723,0.0232153,1499,1,0.00214341
./WORKING//matrices//bcspwr10.pbin,1,10,20,5300,40,20140,5300,5300,0.00754717,4938,1,0.00071655
./WORKING//matrices//bcsstk01.pbin,1,10,20,48,34,422.4,2.97416e+10,48,4.38895e+08,35,3,2.25853e+16
./WORKING//matrices//bcsstk02.pbin,1,10,20,66,34,4356,279976,66,2185.3,65,34,581069
./WORKING//matrices//bcsstk03.pbin,1,10,20,112,39,649.6,2.12118e+12,112,6.59488e+09,7,1,1.36943e+19
./WORKING//matrices//bcsstk04.pbin,1,10,20,132,37,3577.2,2.16479e+08,132,459696,47,2,7.51805e+10
./WORKING//matrices//bcsstk05.pbin,1,10,20,153,40,2394.45,1.32965e+08,153,227203,27,1,1.96203e+10
./WORKING//matrices//bcsstk06.pbin,1,10,20,420,40,7686,1.54545e+11,420,3.50442e+07,47,1,1.12372e+15
./WORKING//matrices//bcsstk07.pbin,1,10,20,420,40,7686,1.54545e+11,420,3.50442e+07,47,1,1.12372e+15
./WORKING//matrices//bcsstk08.pbin,1,10,20,1074,40,13263.9,2.78425e+12,1074,9.65515e+07,590,1,8.99597e+15
./WORKING//matrices//bcsstk09.pbin,1,10,20,1083,40,17544.6,1.80067e+10,1083,614096,62,1,5.67089e+11
./WORKING//matrices//bcsstk10.pbin,1,10,20,1086,40,22697.4,3.6567e+09,1086,124020,37,1,6.99551e+10
./WORKING//matrices//bcsstk11.pbin,1,10,20,1473,40,36530.4,9.06269e+10,1473,1.67075e+06,649,1,3.81376e+12
./WORKING//matrices//bcsstk12.pbin,1,10,20,1473,40,36530.4,9.06269e+10,1473,1.67075e+06,649,1,3.81376e+12
./WORKING//matrices//bcsstk13.pbin,1,10,20,2003,40,90235.1,8.49806e+13,2003,8.47262e+08,928,1,7.71754e+19
./WORKING//matrices//bcsstk14.pbin,1,10,20,1806,40,62848.8,6.13327e+11,1806,7.5217e+06,150,1,3.29084e+14
./WORKING//matrices//bcsstk15.pbin,1,10,20,3948,40,123375,1.11174e+12,3948,2.85305e+06,367,1,2.02159e+14
./WORKING//matrices//bcsstk16.pbin,1,10,20,4884,40,265445,1.96469e+12,4884,3.2946e+06,136,1,1.31035e+14
./WORKING//matrices//bcsstk18.pbin,1,10,20,11948,40,138597,1.90458e+12,11948,533666,1194,1,1.95896e+13
./WORKING//matrices//bcsstk19.pbin,1,10,20,817,40,6862.8,8.97257e+15,817,5.37691e+11,399,1,8.61419e+21
./WORKING//matrices//bcsstk20.pbin,1,10,20,485,38,3079.75,9.57194e+16,485,1.54632e+13,19,1,6.48447e+27
./WORKING//matrices//bcsstk21.pbin,1,10,20,3600,40,26280,8.98621e+10,3600,277352,125,1,6.17131e+11
./WORKING//matrices//bcsstk22.pbin,1,10,20,138,38,676.2,8.70563e+07,138,173710,111,1,1.27823e+10
./WORKING//matrices//bcsstk23.pbin,1,10,20,3134,40,49517.2,8.80215e+17,3134,3.58469e+12,449,1,3.65642e+26
./WORKING//matrices//bcsstk26.pbin,1,10,20,1922,40,35653.1,2.13609e+12,1922,2.31299e+07,212,1,2.08369e+16
./WORKING//matrices//bcsstk27.pbin,1,10,20,1224,40,55508.4,2.63848e+08,1224,7044.5,53,1,2.32392e+08
./WORKING//matrices//bcsstk29.pbin,1,10,20,13992,40,719888,13992,13992,0.00285878,1024,1,0.00366363
./WORKING//matrices//bcsstk33.pbin,1,10,20,8738,40,537387,8738,8738,0.00457771,714,1,0.00698634
./WORKING//matrices//bcsstk34.pbin,1,10,20,588,40,22138.2,5.72226e+08,588,66202.3,89,1,3.01349e+10
./WORKING//matrices//bcsstm01.pbin,1,10,20,48,37,24,3372.97,23.3514,111.343,0,0,229.167
./WORKING//matrices//bcsstm02.pbin,1,10,20,66,36,66,5.41719,66,0.0447702,0,1,0.000140296
./WORKING//matrices//bcsstm03.pbin,1,10,20,112,38,50.4,60368.2,67.7895,302.143,0,0,1.12515
./WORKING//matrices//bcsstm04.pbin,1,10,20,132,38,46.2,4.00524,52.1053,0.0221287,0,0,2.99081e-05
./WORKING//matrices//bcsstm05.pbin,1,10,20,153,39,153,59.1882,153,0.0986091,0,1,0.000814744
./WORKING//matrices//bcsstm06.pbin,1,10,20,420,40,420,682799,420,154.83,0,1,10733.6
./WORKING//matrices//bcsstm07.pbin,1,10,20,420,40,7182,155600,420,35.2834,47,1,802.788
./WORKING//matrices//bcsstm08.pbin,1,10,20,1074,40,1074,6.71507e+07,1074,2328.64,0,1,9.7082e+07
./WORKING//matrices//bcsstm09.pbin,1,10,20,1083,40,1083,0.0981999,1083,3.34899e-06,0,1,2.16824e-11
./WORKING//matrices//bcsstm10.pbin,1,10,20,1086,40,20362.5,4.19647e+06,1086,142.326,37,1,50207.2
./WORKING//matrices//bcsstm11.pbin,1,10,20,1473,40,1473,6288.33,1473,0.115928,0,1,0.0339368
./WORKING//matrices//bcsstm12.pbin,1,10,20,1473,40,22463.2,1557.53,1473,0.0287139,648,1,0.00244114
./WORKING//matrices//bcsstm13.pbin,1,10,20,2003,40,22233.3,9854.63,1352.03,0.145558,474,0,0.237533
./WORKING//matrices//bcsstm19.pbin,1,10,20,817,40,817,7.75789e+08,817,46490,0,1,6.37524e+08
./WORKING//matrices//bcsstm20.pbin,1,10,20,485,38,485,1.62314e+08,485,26221.4,0,1,2.0327e+09
./WORKING//matrices//bcsstm21.pbin,1,10,20,3600,40,3600,0.240362,3600,7.41858e-07,0,1,2.10114e-12
./WORKING//matrices//bcsstm22.pbin,1,10,20,138,38,138,0.141772,138,0.000282888,0,1,4.42057e-08
./WORKING//matrices//bcsstm23.pbin,1,10,20,3134,40,3134,7.44157e+08,3134,3030.59,0,1,6.27543e+07
./WORKING//matrices//bcsstm24.pbin,1,10,20,3562,40,3562,8.94565e+07,3562,282.023,0,1,779984
./WORKING//matrices//bcsstm25.pbin,1,10,20,15439,40,15439,1.03654e+11,15439,17394.4,0,1,1.57564e+11
./WORKING//matrices//bcsstm26.pbin,1,10,20,1922,40,1922,161.216,1922,0.00174567,0,1,9.02841e-06
./WORKING//matrices//bcsstm27.pbin,1,10,20,1224,40,55508.4,614461,1224,16.4056,53,1,1073.43
./WORKING//matrices//bcsstm34.pbin,1,10,20,588,40,24960.6,70.2326,588,0.00812539,90,1,0.0003822
./WORKING//matrices//bcsstm38.pbin,1,10,20,8032,40,9638.4,190.438,5421.6,0.00017493,3,0,1.15382e-06
./WORKING//matrices//b_dyn.pbin,1,10,20,1089,40,3702.6,1.54177,27.225,0.0020801,888,0,0.0375868
./WORKING//matrices//bfwa398.pbin,1,10,20,398,39,3741.2,1389.2,398,0.342029,275,1,0.0606944
./WORKING//matrices//bfwa62.pbin,1,10,20,62,36,427.8,170.913,62,1.60065,48,1,0.228429
./WORKING//matrices//bfwa782.pbin,1,10,20,782,40,8875.7,2512.15,782,0.164321,571,1,0.026161
./WORKING//matrices//bfwb398.pbin,1,10,20,398,39,2965.1,0.0038088,398,9.3775e-07,275,1,4.48048e-13
./WORKING//matrices//bfwb62.pbin,1,10,20,62,36,347.2,0.00313669,62,2.93758e-05,48,1,6.97681e-11
./WORKING//matrices//bfwb782.pbin,1,10,20,782,40,6881.6,0.00520789,782,3.4065e-07,571,1,1.00606e-13
./WORKING//matrices//big.pbin,1,10,20,13209,40,90481.6,146620,13209,0.0336134,12028,1,0.0123183
./WORKING//matrices//blckhole.pbin,1,10,20,2132,40,14710.8,2132,2132,0.0187617,1566,1,0.00322742
./WORKING//matrices//bp_0.pbin,1,10,20,822,40,2589.3,20.55,20.55,0.0486618,516,0,0.0630337
./WORKING//matrices//bp_1000.pbin,1,10,20,822,40,3370.2,20.55,20.55,0.0486618,732,0,0.788269
./WORKING//matrices//bp_1200.pbin,1,10,20,822,40,4151.1,20.55,20.55,0.0486618,804,0,0.85941
./WORKING//matrices//bp_1400.pbin,1,10,20,822,40,4027.8,20.55,20.55,0.0486618,804,0,0.837213
./WORKING//matrices//bp_1600.pbin,1,10,20,822,40,4192.2,20.55,20.55,0.0486618,804,0,0.837291
./WORKING//matrices//bp_200.pbin,1,10,20,822,40,2383.8,20.55,20.55,0.0486618,776,0,0.0494776
./WORKING//matrices//bp_400.pbin,1,10,20,822,40,2342.7,20.55,20.55,0.0486618,755,0,0.030523
./WORKING//matrices//bp_600.pbin,1,10,20,822,40,2712.6,20.55,20.55,0.0486618,755,0,0.727796
./WORKING//matrices//bp_800.pbin,1,10,20,822,40,2918.1,20.55,20.55,0.0486618,755,0,0.822333
./WORKING//matrices//bwm200.pbin,1,10,20,200,39,800,89110,200,86.8822,100,1,1484.25
./WORKING//matrices//cage10.pbin,1,10,20,11397,40,149871,7349.66,11397,0.00226332,4618,1,4.17764e-05
./WORKING//matrices//cage3.pbin,1,10,20,5,5,-nan,2.33333,5,0.466667,4,3,-nan
./WORKING//matrices//cage4.pbin,1,10,20,9,9,51.75,5,9,0.555556,7,5,0.0308294
./WORKING//matrices//cage5.pbin,1,10,20,37,34,253.45,21.4202,37,0.531983,23,2,0.0100965
./WORKING//matrices//cage6.pbin,1,10,20,93,37,757.95,56.6246,93,0.242237,40,1,0.00455556
./WORKING//matrices//cage7.pbin,1,10,20,340,40,2975,210.519,340,0.072844,132,1,0.00133474
./WORKING//matrices//cage8.pbin,1,10,20,1015,40,11672.5,653.515,1015,0.0253737,356,1,0.000408708
./WORKING//matrices//cage9.pbin,1,10,20,3534,40,40641,2195.04,3534,0.00703023,1691,1,0.000128109
./WORKING//matrices//can_1054.pbin,1,10,20,1054,40,13016.9,1054,1054,0.0379507,992,1,0.0115549
./WORKING//matrices//can_1072.pbin,1,10,20,1072,40,13024.8,1072,1072,0.0373134,993,1,0.0111843
./WORKING//matrices//can_144.pbin,1,10,20,144,39,1209.6,144,144,0.270833,142,1,0.0551136
./WORKING//matrices//can_161.pbin,1,10,20,161,39,1416.8,161,161,0.242236,79,1,0.0519798
./WORKING//matrices//can_187.pbin,1,10,20,187,39,1542.75,187,187,0.208556,63,1,0.0423495
./WORKING//matrices//can_229.pbin,1,10,20,229,40,1832,229,229,0.174672,172,1,0.0338141
./WORKING//matrices//can_24.pbin,1,10,20,24,24,165.474,24,24,1,21,4,0.208333
./WORKING//matrices//can_256.pbin,1,10,20,256,37,2944,256,256,0.144531,251,1,0.0426762
./WORKING//matrices//can_268.pbin,1,10,20,268,38,3430.4,268,268,0.141791,263,1,0.0451171
./WORKING//matrices//can_292.pbin,1,10,20,292,40,2467.4,292,292,0.136986,282,1,0.0281663
./WORKING//matrices//can_445.pbin,1,10,20,445,39,3871.5,445,445,0.0876404,403,1,0.0192064
./WORKING//matrices//can_61.pbin,1,10,20,61,34,570.35,61,61,0.557377,50,2,0.128525
./WORKING//matrices//can_62.pbin,1,10,20,62,36,232.5,62,62,0.580645,48,1,0.0574696
./WORKING//matrices//can_634.pbin,1,10,20,634,40,7861.6,634,634,0.0630915,488,1,0.0191597
./WORKING//matrices//can_715.pbin,1,10,20,715,40,6756.75,715,715,0.0559441,318,1,0.0130515
./WORKING//matrices//can_73.pbin,1,10,20,73,37,375.95,73,73,0.506849,39,1,0.0656012
./WORKING//matrices//can_838.pbin,1,10,20,838,39,10852.1,838,838,0.0465394,837,1,0.0151843
./WORKING//matrices//can_96.pbin,1,10,20,96,37,820.8,96,96,0.385417,31,1,0.0818586
./WORKING//matrices//cavity01.pbin,1,10,20,317,40,8495.6,1039.23,277.375,0.472766,102,1,0.122545
./WORKING//matrices//cavity03.pbin,1,10,20,317,40,8495.6,1120.73,277.375,0.509843,102,1,0.555457
./WORKING//matrices//cavity04.pbin,1,10,20,317,40,6942.3,1366.65,277.375,0.621712,102,1,1.63406
./WORKING//matrices//cavity05.pbin,1,10,20,1182,39,34041.6,3768.26,1000.15,0.124314,177,0,0.0293668
./WORKING//matrices//cavity07.pbin,1,10,20,1182,39,34159.8,3703.3,1000.15,0.122171,177,0,0.0440437
./WORKING//matrices//cavity08.pbin,1,10,20,1182,39,32623.2,3784.28,1000.15,0.124843,177,0,0.074197
./WORKING//matrices//cavity09.pbin,1,10,20,1182,39,34159.8,4021.44,1000.15,0.132667,177,0,0.123335
./WORKING//matrices//cavity12.pbin,1,10,20,2597,40,76611.5,7520.79,2142.53,0.0540661,252,0,0.0123183
./WORKING//matrices//cavity13.pbin,1,10,20,2597,40,69210.1,7573.39,2142.53,0.0544443,252,0,0.0138866
./WORKING//matrices//cavity14.pbin,1,10,20,2597,40,76611.5,7636.21,2142.53,0.0548959,252,0,0.0170447
./WORKING//matrices//cavity15.pbin,1,10,20,2597,40,69210.1,7957.29,2142.53,0.0572041,252,0,0.0208988
./WORKING//matrices//cavity23.pbin,1,10,20,4562,40,142334,11331.2,3307.45,0.0300391,327,0,0.00701127
./WORKING//matrices//cavity24.pbin,1,10,20,4562,40,143703,11332,3307.45,0.0300411,327,0,0.00762883
./WORKING//matrices//cavity25.pbin,1,10,20,4562,40,142334,11331.8,3307.45,0.0300408,327,0,0.00835103
./WORKING//matrices//cavity26.pbin,1,10,20,4562,40,143703,11330.7,3307.45,0.0300378,327,0,0.00918139
./WORKING//matrices//cdde1.pbin,1,10,20,961,40,4756.95,3815.85,961,0.165274,31,1,0.0205513
./WORKING//matrices//cdde3.pbin,1,10,20,961,40,4756.95,3768.92,961,0.163241,31,1,0.0201499
./WORKING//matrices//cdde5.pbin,1,10,20,961,40,4756.95,3609.38,961,0.156331,31,1,0.0188221
./WORKING//matrices//cegb2802.pbin,1,10,20,2802,40,304718,2591.85,2591.85,0.0142755,203,0,0.0371751
./WORKING//matrices//cegb2919.pbin,1,10,20,2919,40,352907,2846.03,2846.03,0.0137033,1891,0,0.0394583
./WORKING//matrices//cegb3024.pbin,1,10,20,3024,40,82252.8,3024,3024,0.0132275,222,1,0.0089089
./WORKING//matrices//cegb3306.pbin,1,10,20,3306,40,92237.4,3223.35,3223.35,0.0120992,467,0,0.00834538
./WORKING//matrices//cell1.pbin,1,10,20,7055,40,28925.5,833519,7055,0.669856,82,1,3.11481
./WORKING//matrices//cell2.pbin,1,10,20,7055,40,28925.5,833513,7055,0.669851,82,1,3.11476
./WORKING//matrices//circuit_1.pbin,1,10,20,2624,40,24009.6,19.4815,1836.8,0.00016168,2448,1,3.18337e-11
./WORKING//matrices//circuit_2.pbin,1,10,20,4510,40,45325.5,2948.72,3946.25,0.00662725,957,1,0.00045385
./WORKING//matrices//circuit_3.pbin,1,10,20,12127,40,49720.7,5260.82,9701.6,0.00178861,2671,0,4.52735e-05
./WORKING//matrices//ck104.pbin,1,10,20,104,37,1008.8,84.2633,104,0.288253,55,1,0.00742147
./WORKING//matrices//coater1.pbin,1,10,20,1348,40,19883,404.4,404.4,0.0296736,392,0,0.0275029
./WORKING//matrices//commanche_dual.pbin,1,10,20,7920,40,31680,7920,7920,0.00505051,7485,1,0.000504859
./WORKING//matrices//comsol.pbin,1,10,20,1500,40,88725,319.606,1500,0.00568188,1493,1,5.13281e-05
./WORKING//matrices//coupled.pbin,1,10,20,11341,39,75984.7,12146.9,8433.05,0.00495328,11290,0,0.00098941
./WORKING//matrices//crystm01.pbin,1,10,20,4875,40,106762,2.65628e-09,4875,4.4708e-15,237,1,3.73784e-28
./WORKING//matrices//crystm02.pbin,1,10,20,13965,40,330970,2.49551e-09,13965,5.11843e-16,459,1,1.29456e-29
./WORKING//matrices//curtis54.pbin,1,10,20,54,37,264.6,54,54,0.685185,44,1,0.083508
./WORKING//matrices//d_dyn1.pbin,1,10,20,87,38,217.5,2.28947,2.28947,0.436782,77,0,1252.42
./WORKING//matrices//d_dyn.pbin,1,10,20,87,38,217.5,0.00723995,2.28947,0.00138122,77,0,0.0125241
./WORKING//matrices//d_ss.pbin,1,10,20,53,35,159,245.06,6.05714,26.7176,45,0,131365
./WORKING//matrices//dw1024.pbin,1,10,20,2048,39,10240,1064.79,2048,0.00990073,1056,1,0.0001752
./WORKING//matrices//dw256A.pbin,1,10,20,512,39,2483.2,233.279,512,0.0347057,272,1,0.00122106
./WORKING//matrices//dw256B.pbin,1,10,20,512,39,2534.4,374.894,512,0.0557742,272,1,0.00116865
./WORKING//matrices//dwt_1005.pbin,1,10,20,1005,39,10753.5,1005,1005,0.038806,851,1,0.0105171
./WORKING//matrices//dwt_1007.pbin,1,10,20,1007,39,8056,1007,1007,0.0387289,986,1,0.00788674
./WORKING//matrices//dwt_1242.pbin,1,10,20,1242,40,11240.1,1242,1242,0.0322061,672,1,0.00723733
./WORKING//matrices//dwt_162.pbin,1,10,20,162,40,1182.6,162,162,0.246914,156,1,0.0431754
./WORKING//matrices//dwt_193.pbin,1,10,20,193,39,3522.25,193,193,0.202073,54,1,0.0853087
./WORKING//matrices//dwt_198.pbin,1,10,20,198,40,1296.9,198,198,0.20202,34,1,0.0320169
./WORKING//matrices//dwt_209.pbin,1,10,20,209,40,1860.1,209,209,0.191388,178,1,0.0407941
./WORKING//matrices//dwt_221.pbin,1,10,20,221,40,1745.9,221,221,0.180995,178,1,0.0345496
./WORKING//matrices//dwt_234.pbin,1,10,20,234,38,819,234,234,0.162393,46,1,0.0147702
./WORKING//matrices//dwt_245.pbin,1,10,20,245,40,1800.75,245,245,0.163265,84,1,0.0291151
./WORKING//matrices//dwt_2680.pbin,1,10,20,2680,40,26532,2680,2680,0.0149254,2472,1,0.00368098
./WORKING//matrices//dwt_307.pbin,1,10,20,307,39,2517.4,307,307,0.127036,61,1,0.0260725
./WORKING//matrices//dwt_310.pbin,1,10,20,310,38,2495.5,310,310,0.122581,14,1,0.0253549
./WORKING//matrices//dwt_346.pbin,1,10,20,346,40,2923.7,346,346,0.115607,42,1,0.0237845
./WORKING//matrices//dwt_361.pbin,1,10,20,361,38,2797.75,361,361,0.105263,50,1,0.021048
./WORKING//matrices//dwt_419.pbin,1,10,20,419,40,3477.7,419,419,0.0954654,234,1,0.0194499
./WORKING//matrices//dwt_492.pbin,1,10,20,492,40,3296.4,492,492,0.0813008,424,1,0.013442
./WORKING//matrices//dwt_503.pbin,1,10,20,503,40,6036,503,503,0.0795229,228,1,0.0232442
./WORKING//matrices//dwt_512.pbin,1,10,20,512,40,3174.4,512,512,0.078125,29,1,0.0119462
./WORKING//matrices//dwt_592.pbin,1,10,20,592,40,5416.8,592,592,0.0675676,259,1,0.015234
./WORKING//matrices//dwt_59.pbin,1,10,20,59,37,277.3,59,59,0.627119,19,1,0.0744009
./WORKING//matrices//dwt_607.pbin,1,10,20,607,40,5341.6,607,607,0.0658979,147,1,0.0142947
./WORKING//matrices//dwt_66.pbin,1,10,20,66,37,323.4,66,66,0.560606,44,1,0.0696737
./WORKING//matrices//dwt_72.pbin,1,10,20,72,39,216,72,72,0.541667,12,1,0.0404538
./WORKING//matrices//dwt_758.pbin,1,10,20,758,40,5760.8,758,758,0.0527704,56,1,0.00993437
./WORKING//matrices//dwt_869.pbin,1,10,20,869,40,6778.2,869,869,0.0460299,563,1,0.00890252
./WORKING//matrices//dwt_878.pbin,1,10,20,878,40,7638.6,878,878,0.0455581,412,1,0.00982083
./WORKING//matrices//dwt_87.pbin,1,10,20,87,38,530.7,87,87,0.436782,63,1,0.0655172
./WORKING//matrices//dwt_918.pbin,1,10,20,918,40,6885,918,918,0.043573,839,1,0.00810888
./WORKING//matrices//dwt_992.pbin,1,10,20,992,40,16665.6,992,992,0.0403226,513,1,0.0166596
./WORKING//matrices//eris1176.pbin,1,10,20,1176,40,6585.6,1176,1176,0.0340136,719,1,0.00472174
./WORKING//matrices//ex10hs.pbin,1,10,20,2548,40,55291.6,6.04737e+09,2548,37258.7,116,1,7.64225e+09
./WORKING//matrices//ex10.pbin,1,10,20,2410,39,56635,4.12737e+09,2410,27714.3,113,1,4.70345e+09
./WORKING//matrices//ex12.pbin,1,10,20,3973,40,71911.3,90245.7,2681.78,0.338802,106,0,0.14639
./WORKING//matrices//ex13.pbin,1,10,20,2568,40,88724.4,3.60878e+11,2568,2.18892e+06,156,1,8.77165e+13
./WORKING//matrices//ex14.pbin,1,10,20,3251,40,64044.7,4.92604e+09,2763.35,21933.3,235,0,9.62853e+08
./WORKING//matrices//ex15.pbin,1,10,20,6867,40,96481.4,1.30852e+12,6867,1.10996e+06,67,1,1.13258e+14
./WORKING//matrices//ex18.pbin,1,10,20,5773,40,79378.8,2.11871e+10,5773,25429,147,1,1.72763e+09
./WORKING//matrices//ex1.pbin,1,10,20,216,39,4438.8,5.70478,188.308,0.00546993,58,1,9.35709e-06
./WORKING//matrices//ex20.pbin,1,10,20,2203,40,84374.9,16.1955,1817.47,0.000161797,116,0,5.09589e-08
./WORKING//matrices//ex21.pbin,1,10,20,656,40,19942.4,25.739,541.2,0.00289994,91,0,1.07337e-05
./WORKING//matrices//ex22.pbin,1,10,20,839,39,20471.6,1133.94,752.949,0.0700044,45,0,0.0112861
./WORKING//matrices//ex24.pbin,1,10,20,2283,40,45203.4,19274.4,1997.62,0.169052,167,0,0.110036
./WORKING//matrices//ex25.pbin,1,10,20,848,40,28874.4,31.3832,678.4,0.0021821,95,1,3.29947e-06
./WORKING//matrices//ex26.pbin,1,10,20,2163,40,65214.4,5547.37,1622.25,0.0632373,183,0,0.0150247
./WORKING//matrices//ex27.pbin,1,10,20,974,38,46849.4,11.6623,717.684,0.00063398,115,0,4.83517e-07
./WORKING//matrices//ex28.pbin,1,10,20,2603,40,83686.4,21701.5,2407.78,0.138503,111,0,0.0914889
./WORKING//matrices//ex29.pbin,1,10,20,2870,40,21955.5,1064.16,2870,0.00516775,42,1,5.25232e-05
./WORKING//matrices//ex2.pbin,1,10,20,441,40,23262.8,1.04575e+09,441,215085,123,1,4.447e+11
./WORKING//matrices//ex31.pbin,1,10,20,3909,40,94206.9,1844.97,3420.38,0.00551962,140,0,0.000122064
./WORKING//matrices//ex32.pbin,1,10,20,1159,40,11995.6,4784.12,927.2,0.178076,52,0,0.182745
./WORKING//matrices//ex33.pbin,1,10,20,1733,40,23915.4,5.64789e+11,1733,7.52227e+06,141,1,9.65261e+14
./WORKING//matrices//ex37.pbin,1,10,20,3565,40,66130.8,41327.6,3565,0.130071,451,1,0.248206
./WORKING//matrices//ex3.pbin,1,10,20,1821,40,50714.8,3.2106e+09,1821,38728.1,126,1,6.28749e+09
./WORKING//matrices//ex4.pbin,1,10,20,1601,40,31699.8,263.628,1040.65,0.00632931,112,0,9.07638e-05
./WORKING//matrices//ex5.pbin,1,10,20,27,27,287.182,2.57779e+07,27,954735,20,6,1.28486e+11
./WORKING//matrices//ex6.pbin,1,10,20,1651,40,59848.8,30010.1,1444.62,0.503298,86,0,0.27956
./WORKING//matrices//ex8.pbin,1,10,20,3096,40,80031.6,2.32047e+09,3096,9683.53,126,1,9.17005e+09
./WORKING//matrices//ex9.pbin,1,10,20,3363,40,103076,5.35671e+11,3363,1.89454e+06,85,1,2.12447e+13
./WORKING//matrices//fd12.pbin,1,10,20,7500,40,28125,0,0,-nan,3537,0,4.62117
./WORKING//matrices//fpga_dcop_01.pbin,1,10,20,1220,40,7076,316.091,884.5,0.011717,848,0,0.000307054
./WORKING//matrices//fpga_dcop_02.pbin,1,10,20,1220,40,7076,316.54,884.5,0.0117336,848,0,0.000307282
./WORKING//matrices//fpga_dcop_03.pbin,1,10,20,1220,40,7076,434.195,884.5,0.0160949,848,0,0.00159116
./WORKING//matrices//fpga_dcop_04.pbin,1,10,20,1220,40,6954,434.215,884.5,0.0160956,848,0,0.00205585
./WORKING//matrices//fpga_dcop_05.pbin,1,10,20,1220,40,6954,438.923,884.5,0.0162701,848,0,0.00205715
./WORKING//matrices//fpga_dcop_06.pbin,1,10,20,1220,40,7015,321.754,884.5,0.0119269,848,0,0.000324518
./WORKING//matrices//fpga_dcop_07.pbin,1,10,20,1220,40,7015,319.841,884.5,0.011856,848,0,0.000318219
./WORKING//matrices//fpga_dcop_08.pbin,1,10,20,1220,40,7076,337.954,884.5,0.0125274,848,0,0.00037082
./WORKING//matrices//fpga_dcop_09.pbin,1,10,20,1220,40,7076,325.044,884.5,0.0120488,848,0,0.000331174
./WORKING//matrices//fpga_dcop_10.pbin,1,10,20,1220,40,7076,318.432,884.5,0.0118037,848,0,0.000311302
./WORKING//matrices//fpga_dcop_11.pbin,1,10,20,1220,40,7076,339.831,884.5,0.012597,848,0,0.000451048
./WORKING//matrices//fpga_dcop_12.pbin,1,10,20,1220,40,7076,324.605,884.5,0.0120325,848,0,0.000348252
./WORKING//matrices//fpga_dcop_13.pbin,1,10,20,1220,40,7076,318.722,884.5,0.0118145,848,0,0.000318023
./WORKING//matrices//fpga_dcop_14.pbin,1,10,20,1220,40,7076,316.596,884.5,0.0117357,848,0,0.000308402
./WORKING//matrices//fpga_dcop_15.pbin,1,10,20,1220,40,7076,316.505,884.5,0.0117323,848,0,0.000308236
./WORKING//matrices//fpga_dcop_16.pbin,1,10,20,1220,40,7076,316.297,884.5,0.0117246,848,0,0.00030733
./WORKING//matrices//fpga_dcop_17.pbin,1,10,20,1220,40,7076,316.255,884.5,0.011723,848,0,0.000307145
./WORKING//matrices//fpga_dcop_18.pbin,1,10,20,1220,40,7076,316.251,884.5,0.0117229,848,0,0.000307132
./WORKING//matrices//fpga_dcop_19.pbin,1,10,20,1220,40,7076,316.259,884.5,0.0117232,848,0,0.000307136
./WORKING//matrices//fpga_dcop_20.pbin,1,10,20,1220,40,7076,316.275,884.5,0.0117238,848,0,0.000307144
./WORKING//matrices//fpga_dcop_21.pbin,1,10,20,1220,40,7076,316.272,884.5,0.0117237,848,0,0.000307143
./WORKING//matrices//fpga_dcop_22.pbin,1,10,20,1220,40,7076,316.27,884.5,0.0117236,848,0,0.000307142
./WORKING//matrices//fpga_dcop_23.pbin,1,10,20,1220,40,7076,316.259,884.5,0.0117232,848,0,0.000307136
./WORKING//matrices//fpga_dcop_24.pbin,1,10,20,1220,40,7076,316.266,884.5,0.0117234,848,0,0.00030714
./WORKING//matrices//fpga_dcop_25.pbin,1,10,20,1220,40,7076,316.225,884.5,0.0117219,848,0,0.000307119
./WORKING//matrices//fpga_dcop_26.pbin,1,10,20,1220,40,7076,316.224,884.5,0.0117219,848,0,0.000307119
./WORKING//matrices//fpga_dcop_27.pbin,1,10,20,1220,40,7015,316.224,884.5,0.0117219,848,0,0.000307119
./WORKING//matrices//fpga_dcop_28.pbin,1,10,20,1220,40,7076,316.224,884.5,0.0117219,848,0,0.000307119
./WORKING//matrices//fpga_dcop_29.pbin,1,10,20,1220,40,7076,316.224,884.5,0.0117219,848,0,0.000307119
./WORKING//matrices//fpga_dcop_30.pbin,1,10,20,1220,40,7076,316.224,884.5,0.0117219,848,0,0.000307119
./WORKING//matrices//fpga_dcop_31.pbin,1,10,20,1220,40,7076,316.224,884.5,0.0117219,848,0,0.000307119
./WORKING//matrices//fpga_dcop_32.pbin,1,10,20,1220,40,7076,316.224,884.5,0.0117219,848,0,0.000307119
./WORKING//matrices//fpga_dcop_33.pbin,1,10,20,1220,40,7076,316.224,884.5,0.0117219,848,0,0.000307119
./WORKING//matrices//fpga_dcop_34.pbin,1,10,20,1220,40,7076,316.224,884.5,0.0117219,848,0,0.000307119
./WORKING//matrices//fpga_dcop_35.pbin,1,10,20,1220,40,7076,316.224,884.5,0.0117219,848,0,0.000307119
./WORKING//matrices//fpga_dcop_36.pbin,1,10,20,1220,40,7076,316.224,884.5,0.0117219,848,0,0.000307119
./WORKING//matrices//fpga_dcop_37.pbin,1,10,20,1220,40,7076,316.224,884.5,0.0117219,848,0,0.000307119
./WORKING//matrices//fpga_dcop_38.pbin,1,10,20,1220,40,7076,316.224,884.5,0.0117219,848,0,0.000307119
./WORKING//matrices//fpga_dcop_39.pbin,1,10,20,1220,40,5917,282.959,854,0.0108634,806,0,0.000280615
./WORKING//matrices//fpga_dcop_40.pbin,1,10,20,1220,40,5917,282.959,854,0.0108634,806,0,0.000280615
./WORKING//matrices//fpga_dcop_41.pbin,1,10,20,1220,40,5917,282.959,854,0.0108634,806,0,0.000280615
./WORKING//matrices//fpga_dcop_42.pbin,1,10,20,1220,40,5917,282.959,854,0.0108634,806,0,0.000280615
./WORKING//matrices//fpga_dcop_43.pbin,1,10,20,1220,40,5917,282.959,854,0.0108634,806,0,0.000280615
./WORKING//matrices//fpga_dcop_44.pbin,1,10,20,1220,40,5917,282.959,854,0.0108634,806,0,0.000280615
./WORKING//matrices//fpga_dcop_45.pbin,1,10,20,1220,40,5917,282.959,854,0.0108634,806,0,0.000280615
./WORKING//matrices//fpga_dcop_46.pbin,1,10,20,1220,40,5917,282.959,854,0.0108634,806,0,0.000280615
./WORKING//matrices//fpga_dcop_47.pbin,1,10,20,1220,40,5917,282.959,854,0.0108634,806,0,0.000280615
./WORKING//matrices//fpga_dcop_48.pbin,1,10,20,1220,40,5917,282.959,854,0.0108634,806,0,0.000280615
./WORKING//matrices//fpga_dcop_49.pbin,1,10,20,1220,40,5917,282.959,854,0.0108634,806,0,0.000280615
./WORKING//matrices//fpga_dcop_50.pbin,1,10,20,1220,40,5917,282.959,854,0.0108634,806,0,0.000280615
./WORKING//matrices//fpga_dcop_51.pbin,1,10,20,1220,40,5917,282.959,854,0.0108634,806,0,0.000280615
./WORKING//matrices//fpga_trans_01.pbin,1,10,20,1220,40,7442,286.676,884.5,0.0106266,1085,0,0.000282615
./WORKING//matrices//fs_541_1.pbin,1,10,20,541,40,3787,556.95,541,0.0761169,378,1,0.0021181
./WORKING//matrices//fs_541_4.pbin,1,10,20,541,40,3787,855899,541,116.974,378,1,149339
./WORKING//matrices//fs_760_1.pbin,1,10,20,760,39,5016,7.95349e+07,760,5370.26,740,1,1.42667e+07
./WORKING//matrices//fs_760_2.pbin,1,10,20,760,39,5016,408103,760,27.5554,740,1,13.9129
./WORKING//matrices//fs_760_3.pbin,1,10,20,760,39,5092,408149,760,27.5585,740,1,13.9279
./WORKING//matrices//fv1.pbin,1,10,20,9604,40,86436,33711.5,9604,0.0146195,99,1,0.00141322
./WORKING//matrices//fv2.pbin,1,10,20,9801,40,86738.9,34402,9801,0.0143253,100,1,0.00138282
./WORKING//matrices//fv3.pbin,1,10,20,9801,40,86738.9,29403,9801,0.0122436,100,1,0.001044
./WORKING//matrices//G10.pbin,1,10,20,800,39,39920,0,0,-nan,792,0,0.0623894
./WORKING//matrices//G11.pbin,1,10,20,800,39,3200,0,0,-nan,792,0,0.00500094
./WORKING//matrices//G12.pbin,1,10,20,800,39,3200,0,0,-nan,784,0,0.00500063
./WORKING//matrices//G13.pbin,1,10,20,800,39,3200,0,0,-nan,768,0,0.0049975
./WORKING//matrices//G14.pbin,1,10,20,800,39,9600,0,0,-nan,793,0,0.014663
./WORKING//matrices//G15.pbin,1,10,20,800,39,9440,0,0,-nan,798,0,0.0143849
./WORKING//matrices//G16.pbin,1,10,20,800,39,9400,0,0,-nan,792,0,0.0143507
./WORKING//matrices//G17.pbin,1,10,20,800,39,11400,0,0,-nan,793,0,0.0170348
./WORKING//matrices//G18.pbin,1,10,20,800,39,9600,0,0,-nan,793,0,0.0150081
./WORKING//matrices//G19.pbin,1,10,20,800,39,9440,0,0,-nan,798,0,0.0147503
./WORKING//matrices//G1.pbin,1,10,20,800,39,40200,0,0,-nan,798,0,0.0588924
./WORKING//matrices//G20.pbin,1,10,20,800,39,9400,0,0,-nan,792,0,0.0146889
./WORKING//matrices//G21.pbin,1,10,20,800,39,11400,0,0,-nan,793,0,0.0177973
./WORKING//matrices//G22.pbin,1,10,20,2000,40,40300,0,0,-nan,1986,0,0.0099759
./WORKING//matrices//G23.pbin,1,10,20,2000,40,37100,0,0,-nan,1984,0,0.00918968
./WORKING//matrices//G24.pbin,1,10,20,2000,40,38200,0,0,-nan,1961,0,0.00945848
./WORKING//matrices//G25.pbin,1,10,20,2000,40,42100,0,0,-nan,1976,0,0.0104161
./WORKING//matrices//G26.pbin,1,10,20,2000,40,39400,0,0,-nan,1991,0,0.00975178
./WORKING//matrices//G27.pbin,1,10,20,2000,40,40300,0,0,-nan,1986,0,0.010076
./WORKING//matrices//G28.pbin,1,10,20,2000,40,39100,0,0,-nan,1985,0,0.00977287
./WORKING//matrices//G29.pbin,1,10,20,2000,40,38200,0,0,-nan,1961,0,0.00954647
./WORKING//matrices//G2.pbin,1,10,20,800,39,40520,0,0,-nan,798,0,0.0593414
./WORKING//matrices//G30.pbin,1,10,20,2000,40,42100,0,0,-nan,1976,0,0.0105228
./WORKING//matrices//G31.pbin,1,10,20,2000,40,39400,0,0,-nan,1991,0,0.00984992
./WORKING//matrices//G32.pbin,1,10,20,2000,40,8000,0,0,-nan,1980,0,0.0020001
./WORKING//matrices//G33.pbin,1,10,20,2000,40,8000,0,0,-nan,1975,0,0.00199995
./WORKING//matrices//G34.pbin,1,10,20,2000,40,8000,0,0,-nan,1960,0,0.00200015
./WORKING//matrices//G35.pbin,1,10,20,2000,40,28700,0,0,-nan,1996,0,0.00709554
./WORKING//matrices//G36.pbin,1,10,20,2000,40,34200,0,0,-nan,1997,0,0.00842579
./WORKING//matrices//G37.pbin,1,10,20,2000,40,29800,0,0,-nan,1991,0,0.00734117
./WORKING//matrices//G38.pbin,1,10,20,2000,40,36300,0,0,-nan,1997,0,0.00886467
./WORKING//matrices//G39.pbin,1,10,20,2000,40,28700,0,0,-nan,1996,0,0.00717432
./WORKING//matrices//G3.pbin,1,10,20,800,40,36080,0,0,-nan,793,0,0.0532248
./WORKING//matrices//G40.pbin,1,10,20,2000,40,34200,0,0,-nan,1997,0,0.00855045
./WORKING//matrices//G41.pbin,1,10,20,2000,40,29800,0,0,-nan,1991,0,0.00745103
./WORKING//matrices//G42.pbin,1,10,20,2000,40,36300,0,0,-nan,1997,0,0.00907072
./WORKING//matrices//G43.pbin,1,10,20,1000,40,20050,0,0,-nan,991,0,0.0196536
./WORKING//matrices//G44.pbin,1,10,20,1000,40,19550,0,0,-nan,986,0,0.0191689
./WORKING//matrices//G45.pbin,1,10,20,1000,40,20250,0,0,-nan,997,0,0.0198499
./WORKING//matrices//G46.pbin,1,10,20,1000,40,20300,0,0,-nan,986,0,0.0198938
./WORKING//matrices//G47.pbin,1,10,20,1000,40,21000,0,0,-nan,992,0,0.020563
./WORKING//matrices//G48.pbin,1,10,20,3000,40,12000,0,0,-nan,2940,0,0.001332
./WORKING//matrices//G49.pbin,1,10,20,3000,40,12000,0,0,-nan,2900,0,0.001332
./WORKING//matrices//G4.pbin,1,10,20,800,40,38600,0,0,-nan,796,0,0.0566464
./WORKING//matrices//G50.pbin,1,10,20,3000,40,12000,0,0,-nan,2880,0,0.001332
./WORKING//matrices//G51.pbin,1,10,20,1000,40,15200,0,0,-nan,998,0,0.0148475
./WORKING//matrices//G52.pbin,1,10,20,1000,40,14300,0,0,-nan,991,0,0.0140032
./WORKING//matrices//G53.pbin,1,10,20,1000,40,14300,0,0,-nan,996,0,0.0140232
./WORKING//matrices//G54.pbin,1,10,20,1000,40,14900,0,0,-nan,992,0,0.0143366
./WORKING//matrices//G55.pbin,1,10,20,5000,40,29250,0,0,-nan,4990,0,0.00116856
./WORKING//matrices//G56.pbin,1,10,20,5000,40,29250,0,0,-nan,4990,0,0.00116997
./WORKING//matrices//G57.pbin,1,10,20,5000,40,20000,0,0,-nan,4950,0,0.000799992
./WORKING//matrices//G58.pbin,1,10,20,5000,40,70250,0,0,-nan,4995,0,0.00279691
./WORKING//matrices//G59.pbin,1,10,20,5000,40,70250,0,0,-nan,4995,0,0.00280986
./WORKING//matrices//G5.pbin,1,10,20,800,40,38200,0,0,-nan,792,0,0.0561218
./WORKING//matrices//G60.pbin,1,10,20,7000,40,32900,0,0,-nan,6910,0,0.000670975
./WORKING//matrices//G61.pbin,1,10,20,7000,40,32900,0,0,-nan,6910,0,0.000671412
./WORKING//matrices//G62.pbin,1,10,20,7000,40,28000,0,0,-nan,6930,0,0.00057142
./WORKING//matrices//G63.pbin,1,10,20,7000,40,101150,0,0,-nan,6993,0,0.00204986
./WORKING//matrices//G64.pbin,1,10,20,7000,40,101150,0,0,-nan,6993,0,0.00206435
./WORKING//matrices//G65.pbin,1,10,20,8000,40,32000,0,0,-nan,7920,0,0.000499997
./WORKING//matrices//G66.pbin,1,10,20,9000,40,36000,0,0,-nan,8900,0,0.000444449
./WORKING//matrices//G67.pbin,1,10,20,10000,40,40000,0,0,-nan,9900,0,0.000399996
./WORKING//matrices//G6.pbin,1,10,20,800,40,38720,0,0,-nan,798,0,0.0604758
./WORKING//matrices//g7jac010.pbin,1,10,20,2880,40,15120,5.85683e+07,2880,282.448,2867,1,1.01683e+08
./WORKING//matrices//g7jac010sc.pbin,1,10,20,2880,40,15120,5613.4,2880,0.0270708,2867,1,0.109394
./WORKING//matrices//g7jac020.pbin,1,10,20,5850,40,50310,1.14335e+08,5703.75,137.064,5837,0,1.39212e+07
./WORKING//matrices//g7jac020sc.pbin,1,10,20,5850,40,50310,12164.2,5703.75,0.0145824,5837,0,0.0541247
./WORKING//matrices//g7jac040.pbin,1,10,20,11790,39,109058,2.09769e+09,11790,588.544,9759,1,8.26612e+08
./WORKING//matrices//g7jac040sc.pbin,1,10,20,11790,39,109058,30759.5,11790,0.00863011,9759,1,0.773648
./WORKING//matrices//G7.pbin,1,10,20,800,40,37480,0,0,-nan,798,1,0.0585397
./WORKING//matrices//G8.pbin,1,10,20,800,40,37360,0,0,-nan,793,0,0.0583753
./WORKING//matrices//G9.pbin,1,10,20,800,40,38560,0,0,-nan,796,0,0.0602361
./WORKING//matrices//gemat11.pbin,1,10,20,4929,39,31545.6,892.67,379.154,0.0186286,4749,0,0.00291002
./WORKING//matrices//gemat12.pbin,1,10,20,4929,39,30559.8,892.67,379.154,0.0186286,4749,0,0.00234985
./WORKING//matrices//gent113.pbin,1,10,20,113,40,615.85,104.525,104.525,0.353982,101,1,0.0453461
./WORKING//matrices//gr_30_30.pbin,1,10,20,900,40,8100,7200,900,0.355556,31,1,0.080089
./WORKING//matrices//gre_1107.pbin,1,10,20,1107,39,5424.3,322.54,1107,0.0102649,166,1,0.00027388
./WORKING//matrices//gre_115.pbin,1,10,20,115,39,373.75,64.5442,115,0.190338,39,1,0.0044808
./WORKING//matrices//gre_185.pbin,1,10,20,185,40,989.75,75.6505,157.25,0.104018,31,0,0.00174229
./WORKING//matrices//gre_216a.pbin,1,10,20,216,39,820.8,69.2308,166.154,0.0752315,14,0,0.00128661
./WORKING//matrices//gre_216b.pbin,1,10,20,216,39,820.8,39.9534,166.154,0.0434164,14,0,0.00437743
./WORKING//matrices//gre_343.pbin,1,10,20,343,40,1303.4,105.044,248.675,0.0492611,17,0,0.000795569
./WORKING//matrices//gre_512.pbin,1,10,20,512,40,1971.2,166.4,422.4,0.0307765,22,0,0.000522107
./WORKING//matrices//Hamrle1.pbin,1,10,20,32,29,83.2,4.4733,5.51724,0.734774,24,1,0.0559991
./WORKING//matrices//Harvard500.pbin,1,10,20,500,40,2000,25,25,0.08,300,0,0.00781603
./WORKING//matrices//hor_131.pbin,1,10,20,434,40,4405.1,18.5523,434,0.00393984,240,1,2.75738e-05
./WORKING//matrices//hydr1.pbin,1,10,20,5308,40,23886,0,0,-nan,4499,0,2.15778e+06
./WORKING//matrices//ibm32.pbin,1,10,20,32,29,126.4,32,32,0.90625,26,2,0.109728
./WORKING//matrices//impcol_a.pbin,1,10,20,207,39,538.2,19.0497,21.2308,0.16905,159,0,131.779
./WORKING//matrices//impcol_b.pbin,1,10,20,59,33,286.15,17.879,19.6667,0.508482,43,0,0.037026
./WORKING//matrices//impcol_c.pbin,1,10,20,137,39,308.25,368.846,52.6923,1.9927,91,0,0.449962
./WORKING//matrices//impcol_d.pbin,1,10,20,425,40,1530,53.125,63.75,0.0784314,406,0,0.0425236
./WORKING//matrices//init_adder1.pbin,1,10,20,1813,40,13325.5,1.76398,1767.67,2.20167e-05,1408,1,4.88604e-11
./WORKING//matrices//jagmesh1.pbin,1,10,20,936,40,6271.2,936,936,0.042735,778,1,0.0071139
./WORKING//matrices//jagmesh2.pbin,1,10,20,1009,40,6962.1,1009,1009,0.0396432,974,1,0.00679824
./WORKING//matrices//jagmesh3.pbin,1,10,20,1089,40,7296.3,1089,1089,0.0367309,795,1,0.00611977
./WORKING//matrices//jagmesh4.pbin,1,10,20,1440,40,9216,1440,1440,0.0277778,1395,1,0.00442736
./WORKING//matrices//jagmesh5.pbin,1,10,20,1180,40,8142,1180,1180,0.0338983,757,1,0.00581806
./WORKING//matrices//jagmesh6.pbin,1,10,20,1377,40,8812.8,1377,1377,0.0290487,73,1,0.0046291
./WORKING//matrices//jagmesh7.pbin,1,10,20,1138,39,7852.2,1138,1138,0.0342707,891,1,0.00603166
./WORKING//matrices//jagmesh8.pbin,1,10,20,1141,40,7416.5,1141,1141,0.035057,224,1,0.0056687
./WORKING//matrices//jagmesh9.pbin,1,10,20,1349,40,9038.3,1349,1349,0.0296516,1024,1,0.00494536
./WORKING//matrices//jan99jac020.pbin,1,10,20,6774,40,22015.5,6376.95,6774,0.00555882,1385,1,1.41542e+06
./WORKING//matrices//jan99jac020sc.pbin,1,10,20,6774,40,22015.5,11510.6,6774,0.0100338,1385,1,0.00143267
./WORKING//matrices//jan99jac040.pbin,1,10,20,13694,40,43136.1,14639.6,13694,0.00312269,2251,1,443945
./WORKING//matrices//jan99jac040sc.pbin,1,10,20,13694,40,43136.1,17874.7,13694,0.00381274,2251,1,0.0150704
./WORKING//matrices//jan99jac060.pbin,1,10,20,20614,40,59780.6,3.51611e+08,20614,33.0977,2251,1,1.3058e+06
./WORKING//matrices//jan99jac060sc.pbin,1,10,20,20614,40,59780.6,33824.1,20614,0.00318392,2251,1,0.000296256
./WORKING//matrices//jgl009.pbin,1,10,20,9,9,51.75,8,8,1,8,3,0.256944
./WORKING//matrices//jgl011.pbin,1,10,20,11,11,66,10,10,1,10,4,0.224242
./WORKING//matrices//jpwh_991.pbin,1,10,20,991,40,5648.7,2824.35,991,0.115035,166,1,0.0316142
./WORKING//matrices//lap_25.pbin,1,10,20,25,25,178.75,25,25,1,6,4,0.2075
./WORKING//matrices//lhr01.pbin,1,10,20,1477,39,18241,378.718,378.718,0.0264049,1101,0,0.00167149
./WORKING//matrices//lhr04c.pbin,1,10,20,4101,40,95758.4,1026.28,1025.25,0.00976347,3387,0,0.000704203
./WORKING//matrices//lhr04.pbin,1,10,20,4101,40,95758.4,1025.25,1025.25,0.00975372,3387,0,0.000703941
./WORKING//matrices//lns_131.pbin,1,10,20,131,40,445.4,65.541,98.25,0.20369,111,0,7.69938e+15
./WORKING//matrices//lns_3937.pbin,1,10,20,3937,40,21653.5,3.68158e+06,2657.47,14.0754,3202,0,3.79515e+16
./WORKING//matrices//lns_511.pbin,1,10,20,511,38,2759.4,1755.47,336.184,0.388311,421,0,1.77977e+16
./WORKING//matrices//lnsp_131.pbin,1,10,20,131,40,484.7,81.9383,124.45,0.201039,32,0,1.41684e+16
./WORKING//matrices//lnsp3937.pbin,1,10,20,3937,40,23425.2,9114.81,3346.45,0.0276731,87,0,4.99243e+15
./WORKING//matrices//lnsp_511.pbin,1,10,20,511,38,2095.1,242.991,403.421,0.0447914,57,0,5.47442e+16
./WORKING//matrices//lock1074.pbin,1,10,20,1074,40,54774,751.8,751.8,0.0372439,593,0,0.0451686
./WORKING//matrices//lock2232.pbin,1,10,20,2232,40,83700,1674,1674,0.0179211,149,0,0.0165075
./WORKING//matrices//lock3491.pbin,1,10,20,3491,40,162157,3491,3491,0.011458,346,1,0.013122
./WORKING//matrices//lock_700.pbin,1,10,20,700,40,20755,700,700,0.0571429,681,1,0.0403627
./WORKING//matrices//lop163.pbin,1,10,20,163,40,986.15,89.5336,163,0.134794,36,1,0.00291574
./WORKING//matrices//lshp1009.pbin,1,10,20,1009,40,6810.75,1009,1009,0.0396432,974,1,0.00665105
./WORKING//matrices//lshp1270.pbin,1,10,20,1270,40,8509,1270,1270,0.0314961,1226,1,0.00525158
./WORKING//matrices//lshp1561.pbin,1,10,20,1561,40,10302.6,1561,1561,0.0256246,1507,1,0.00421262
./WORKING//matrices//lshp1882.pbin,1,10,20,1882,40,12609.4,1882,1882,0.021254,1817,1,0.00354911
./WORKING//matrices//lshp2233.pbin,1,10,20,2233,40,15631,2233,2233,0.0179131,2155,1,0.00312637
./WORKING//matrices//lshp2614.pbin,1,10,20,2614,40,17775.2,2614,2614,0.0153022,2521,1,0.00259555
./WORKING//matrices//lshp_265.pbin,1,10,20,265,40,1682.75,265,265,0.150943,256,1,0.023462
./WORKING//matrices//lshp3025.pbin,1,10,20,3025,40,21175,3025,3025,0.0132231,2915,1,0.00230946
./WORKING//matrices//lshp3466.pbin,1,10,20,3466,40,23742.1,3466,3466,0.0115407,3428,1,0.00197299
./WORKING//matrices//lshp_406.pbin,1,10,20,406,39,2740.5,406,406,0.0960591,392,1,0.0163872
./WORKING//matrices//lshp_577.pbin,1,10,20,577,39,3779.35,577,577,0.067591,557,1,0.0112399
./WORKING//matrices//lshp_778.pbin,1,10,20,778,39,5368.2,778,778,0.0501285,751,1,0.00880124
./WORKING//matrices//lund_a.pbin,1,10,20,147,38,2432.85,1.06319e+10,147,1.86964e+07,23,2,9.02731e+13
./WORKING//matrices//lund_b.pbin,1,10,20,147,38,2425.5,187137,147,329.086,23,2,42947.5
./WORKING//matrices//lung1.pbin,1,10,20,1650,40,7342.5,26683.8,1650,0.392049,168,1,9.37926
./WORKING//matrices//m3plates.pbin,1,10,20,11107,40,7219.55,380.381,6941.88,0.000197335,0,0,3.01031e-07
./WORKING//matrices//mahindas.pbin,1,10,20,1258,39,8177,382.884,387.077,0.0306657,1241,0,0.0328005
./WORKING//matrices//man_5976.pbin,1,10,20,5976,40,249498,5976,5976,0.00669344,431,1,0.00693594
./WORKING//matrices//mark3jac020.pbin,1,10,20,9129,40,58882.1,18525.1,8900.77,0.00911946,1349,0,137.728
./WORKING//matrices//mark3jac020sc.pbin,1,10,20,9129,40,58882.1,4.49045e+07,8900.77,22.1054,1349,0,3.10514e+06
./WORKING//matrices//mark3jac040.pbin,1,10,20,18289,40,79557.1,16051.3,17831.8,0.00196872,1349,0,12646.9
./WORKING//matrices//mark3jac040sc.pbin,1,10,20,18289,40,79557.1,3.00237e+07,17831.8,3.68248,1349,0,0.00109205
./WORKING//matrices//mbeacxc.pbin,1,10,20,496,40,49897.6,13.849,310,0.00360276,490,0,7.65961e-05
./WORKING//matrices//mbeaflw.pbin,1,10,20,496,40,49897.6,195348,310,50.819,490,0,4252.75
./WORKING//matrices//mbeause.pbin,1,10,20,496,40,41366.4,200783,310,52.2329,490,0,4397.2
./WORKING//matrices//mcca.pbin,1,10,20,180,40,1809,1.47048e+20,180,1.81541e+17,42,1,2.74484e+31
./WORKING//matrices//meg1.pbin,1,10,20,2904,40,70131.6,0,0,-nan,2827,0,11130.6
./WORKING//matrices//meg4.pbin,1,10,20,5860,40,23147,2.31116e+07,4395,35.895,5304,0,1668.42
./WORKING//matrices//memplus.pbin,1,10,20,17758,40,73695.7,1205.6,17758,0.000152923,17751,1,1.27599e-07
./WORKING//matrices//mesh1e1.pbin,1,10,20,48,33,307.2,216.072,48,3.09479,47,2,0.519949
./WORKING//matrices//mesh1em1.pbin,1,10,20,48,33,307.2,433.735,48,6.21235,47,2,3.5381
./WORKING//matrices//mesh1em6.pbin,1,10,20,48,33,307.2,155.001,48,2.22007,47,2,0.257367
./WORKING//matrices//mesh2e1.pbin,1,10,20,306,39,1973.7,7043.06,306,2.93348,242,1,7.16474
./WORKING//matrices//mesh2em5.pbin,1,10,20,306,39,1973.7,3626.97,306,1.51066,242,1,4.37137
./WORKING//matrices//mesh3e1.pbin,1,10,20,289,38,1401.65,1239.66,289,0.564014,281,1,0.0901868
./WORKING//matrices//mesh3em5.pbin,1,10,20,289,38,1401.65,764.329,289,0.347751,281,1,0.0345375
./WORKING//matrices//mhda416.pbin,1,10,20,416,40,8715.2,52.1443,197.6,0.0253739,28,0,1.06992
./WORKING//matrices//mhdb416.pbin,1,10,20,416,40,2870.4,108.95,416,0.0251826,18,1,3.5881e-06
./WORKING//matrices//msc00726.pbin,1,10,20,726,39,34739.1,2.31059e+11,726,1.70968e+07,188,1,1.08414e+15
./WORKING//matrices//msc01050.pbin,1,10,20,1050,40,26040,6.29463e+08,1050,22837.7,776,1,8.01895e+07
./WORKING//matrices//msc01440.pbin,1,10,20,1440,40,44928,2.56796e+08,1440,4953.63,1390,1,8.52125e+07
./WORKING//matrices//msc04515.pbin,1,10,20,4515,40,104748,5.64501e+12,4515,1.10767e+07,162,1,6.88949e+15
./WORKING//matrices//mult_dcop_01.pbin,1,10,20,25187,40,294688,1.21826,18890.2,1.0242e-07,24628,0,3.45129e-13
./WORKING//matrices//nasa1824.pbin,1,10,20,1824,40,33196.8,8.98697e+08,1824,10805,236,1,1.68293e+09
./WORKING//matrices//nasa2146.pbin,1,10,20,2146,40,72427.5,1.43641e+10,2146,124761,81,1,5.48137e+10
./WORKING//matrices//nasa2910.pbin,1,10,20,2910,40,161796,2.88982e+09,2910,13650.4,831,1,1.10784e+09
./WORKING//matrices//nasa4704.pbin,1,10,20,4704,40,105370,1.91001e+09,4704,3452.71,415,1,6.08291e+08
./WORKING//matrices//nnc1374.pbin,1,10,20,1374,40,7076.1,0.000516873,1030.5,1.46019e-08,92,0,25.3264
./WORKING//matrices//nnc261.pbin,1,10,20,261,40,1735.65,0.0221174,117.45,2.88603e-05,47,0,325.748
./WORKING//matrices//nnc666.pbin,1,10,20,666,38,4395.6,0.00480221,455.684,6.01294e-07,99,0,140.586
./WORKING//matrices//nopoly.pbin,1,10,20,10774,40,71647.1,112050,10774,0.0386115,9372,1,0.0138959
./WORKING//matrices//nos1.pbin,1,10,20,237,40,971.7,8.05952e+10,237,5.73948e+07,4,1,2.40622e+15
./WORKING//matrices//nos2.pbin,1,10,20,957,40,3923.7,2.25861e+13,957,9.86453e+08,4,1,2.91167e+18
./WORKING//matrices//nos3.pbin,1,10,20,960,40,16128,181651,960,7.88417,43,1,81.8678
./WORKING//matrices//nos4.pbin,1,10,20,100,39,635,33.0401,100,0.128856,13,1,0.00213887
./WORKING//matrices//nos5.pbin,1,10,20,468,39,5358.6,8.47802e+07,468,15096.2,176,1,1.11765e+08
./WORKING//matrices//nos6.pbin,1,10,20,675,40,3273.75,2.70002e+08,675,23703.9,30,1,5.48963e+09
./WORKING//matrices//nos7.pbin,1,10,20,729,39,4410.45,1.87447e+07,729,1375.59,81,1,1.37431e+08
./WORKING//matrices//odepa400.pbin,1,10,20,400,40,1200,780.3,400,0.195075,399,1,0.0150376
./WORKING//matrices//odepb400.pbin,1,10,20,400,40,400,7.684e-12,390,1.97026e-15,0,0,1.00254e-30
./WORKING//matrices//olm1000.pbin,1,10,20,1000,40,4000,2.03296e+06,1000,81.3183,2,1,2.21416e+06
./WORKING//matrices//olm100.pbin,1,10,20,100,39,400,1877.2,100,7.32109,2,1,2397.8
./WORKING//matrices//olm500.pbin,1,10,20,500,40,2000,254543,500,40.7269,2,1,279261
./WORKING//matrices//orani678.pbin,1,10,20,2529,40,52223.8,821.925,885.15,0.0146868,2301,0,0.00119992
./WORKING//matrices//orsirr_1.pbin,1,10,20,1030,40,6592,2.92621e+07,1030,1103.29,514,1,1.34736e+06
./WORKING//matrices//orsirr_2.pbin,1,10,20,886,40,5670.4,1.70984e+07,886,871.258,514,1,4.14887e+06
./WORKING//matrices//orsreg_1.pbin,1,10,20,2205,40,13891.5,3.44249e+07,2205,283.215,441,1,137146
./WORKING//matrices//oscil_dcop_01.pbin,1,10,20,430,40,1763,6.65621e+06,365.5,1694.07,186,0,7.00224e+06
./WORKING//matrices//oscil_dcop_02.pbin,1,10,20,430,40,1763,6.65619e+06,365.5,1694.06,186,0,7.00648e+06
./WORKING//matrices//oscil_dcop_03.pbin,1,10,20,430,40,1763,6.65616e+06,365.5,1694.06,186,0,7.00305e+06
./WORKING//matrices//oscil_dcop_04.pbin,1,10,20,430,40,1763,6.65619e+06,365.5,1694.06,186,0,7.0093e+06
./WORKING//matrices//oscil_dcop_05.pbin,1,10,20,430,40,1763,6.65629e+06,365.5,1694.09,186,0,7.00826e+06
./WORKING//matrices//oscil_dcop_06.pbin,1,10,20,430,40,1763,6.65619e+06,365.5,1694.06,186,0,7.00202e+06
./WORKING//matrices//oscil_dcop_07.pbin,1,10,20,430,40,1763,6.65616e+06,365.5,1694.06,186,0,7.00203e+06
./WORKING//matrices//oscil_dcop_08.pbin,1,10,20,430,39,1440.5,6.71683e+06,352.821,1726.66,198,0,4.66779e+06
./WORKING//matrices//oscil_dcop_09.pbin,1,10,20,430,39,1440.5,6.71672e+06,352.821,1726.63,198,0,4.66796e+06
./WORKING//matrices//oscil_dcop_10.pbin,1,10,20,430,39,1440.5,6.71668e+06,352.821,1726.62,198,0,4.66809e+06
./WORKING//matrices//oscil_dcop_11.pbin,1,10,20,430,39,1440.5,6.71667e+06,352.821,1726.62,198,0,4.66811e+06
./WORKING//matrices//oscil_dcop_12.pbin,1,10,20,430,39,1440.5,6.71666e+06,352.821,1726.62,198,0,4.66811e+06
./WORKING//matrices//oscil_dcop_13.pbin,1,10,20,430,39,1440.5,6.71666e+06,352.821,1726.62,198,0,4.66811e+06
./WORKING//matrices//oscil_dcop_14.pbin,1,10,20,430,39,1440.5,6.71666e+06,352.821,1726.62,198,0,4.66809e+06
./WORKING//matrices//oscil_dcop_15.pbin,1,10,20,430,39,1440.5,6.71666e+06,352.821,1726.62,198,0,4.66799e+06
./WORKING//matrices//oscil_dcop_16.pbin,1,10,20,430,39,1440.5,6.71666e+06,352.821,1726.62,198,0,4.668e+06
./WORKING//matrices//oscil_dcop_17.pbin,1,10,20,430,39,1440.5,6.71666e+06,352.821,1726.62,198,0,4.66787e+06
./WORKING//matrices//oscil_dcop_18.pbin,1,10,20,430,39,1440.5,6.71666e+06,352.821,1726.62,198,0,4.66775e+06
./WORKING//matrices//oscil_dcop_19.pbin,1,10,20,430,39,1440.5,6.71666e+06,352.821,1726.62,198,0,4.66809e+06
./WORKING//matrices//oscil_dcop_20.pbin,1,10,20,430,39,1440.5,6.71666e+06,352.821,1726.62,198,0,4.66812e+06
./WORKING//matrices//oscil_dcop_21.pbin,1,10,20,430,39,1440.5,6.71666e+06,352.821,1726.62,198,0,4.66811e+06
./WORKING//matrices//oscil_dcop_22.pbin,1,10,20,430,39,1440.5,6.71666e+06,352.821,1726.62,198,0,4.66812e+06
./WORKING//matrices//oscil_dcop_23.pbin,1,10,20,430,39,1440.5,6.71666e+06,352.821,1726.62,198,0,4.66807e+06
./WORKING//matrices//oscil_dcop_24.pbin,1,10,20,430,39,1440.5,6.71666e+06,352.821,1726.62,198,0,4.66812e+06
./WORKING//matrices//oscil_dcop_25.pbin,1,10,20,430,39,1440.5,6.71666e+06,352.821,1726.62,198,0,4.66812e+06
./WORKING//matrices//oscil_dcop_26.pbin,1,10,20,430,39,1440.5,6.71666e+06,352.821,1726.62,198,0,4.66812e+06
./WORKING//matrices//oscil_dcop_27.pbin,1,10,20,430,39,1440.5,6.71666e+06,352.821,1726.62,198,0,4.66811e+06
./WORKING//matrices//oscil_dcop_28.pbin,1,10,20,430,39,1440.5,6.71666e+06,352.821,1726.62,198,0,4.66812e+06
./WORKING//matrices//oscil_dcop_29.pbin,1,10,20,430,39,1440.5,6.71666e+06,352.821,1726.62,198,0,4.66812e+06
./WORKING//matrices//oscil_dcop_30.pbin,1,10,20,430,39,1440.5,6.71666e+06,352.821,1726.62,198,0,4.66812e+06
./WORKING//matrices//oscil_dcop_31.pbin,1,10,20,430,39,1440.5,6.71666e+06,352.821,1726.62,198,0,4.66812e+06
./WORKING//matrices//oscil_dcop_32.pbin,1,10,20,430,39,1440.5,6.71666e+06,352.821,1726.62,198,0,4.66812e+06
./WORKING//matrices//oscil_dcop_33.pbin,1,10,20,430,39,1440.5,6.71666e+06,352.821,1726.62,198,0,4.66812e+06
./WORKING//matrices//oscil_dcop_34.pbin,1,10,20,430,39,1440.5,6.71666e+06,352.821,1726.62,198,0,4.66812e+06
./WORKING//matrices//oscil_dcop_35.pbin,1,10,20,430,39,1440.5,6.71666e+06,352.821,1726.62,198,0,4.66812e+06
./WORKING//matrices//oscil_dcop_36.pbin,1,10,20,430,39,1440.5,6.71666e+06,352.821,1726.62,198,0,4.66812e+06
./WORKING//matrices//oscil_dcop_37.pbin,1,10,20,430,39,1440.5,6.71666e+06,352.821,1726.62,198,0,4.66812e+06
./WORKING//matrices//oscil_dcop_38.pbin,1,10,20,430,39,1440.5,6.71666e+06,352.821,1726.62,198,0,4.66812e+06
./WORKING//matrices//oscil_dcop_39.pbin,1,10,20,430,39,1440.5,6.71666e+06,352.821,1726.62,198,0,4.66812e+06
./WORKING//matrices//oscil_dcop_40.pbin,1,10,20,430,39,1440.5,6.71666e+06,352.821,1726.62,198,0,4.66812e+06
./WORKING//matrices//oscil_dcop_41.pbin,1,10,20,430,39,1440.5,6.71666e+06,352.821,1726.62,198,0,4.66812e+06
./WORKING//matrices//oscil_dcop_42.pbin,1,10,20,430,39,1440.5,6.71666e+06,352.821,1726.62,198,0,4.66812e+06
./WORKING//matrices//oscil_dcop_43.pbin,1,10,20,430,39,1440.5,6.71666e+06,352.821,1726.62,198,0,4.66812e+06
./WORKING//matrices//oscil_dcop_44.pbin,1,10,20,430,39,1440.5,6.71666e+06,352.821,1726.62,198,0,4.66812e+06
./WORKING//matrices//oscil_dcop_45.pbin,1,10,20,430,39,1440.5,6.71666e+06,352.821,1726.62,198,0,4.66812e+06
./WORKING//matrices//oscil_dcop_46.pbin,1,10,20,430,39,1440.5,6.71666e+06,352.821,1726.62,198,0,4.66812e+06
./WORKING//matrices//oscil_dcop_47.pbin,1,10,20,430,39,1440.5,6.71666e+06,352.821,1726.62,198,0,4.66812e+06
./WORKING//matrices//oscil_dcop_48.pbin,1,10,20,430,39,1440.5,6.71666e+06,352.821,1726.62,198,0,4.66812e+06
./WORKING//matrices//oscil_dcop_49.pbin,1,10,20,430,39,1440.5,6.71666e+06,352.821,1726.62,198,0,4.66812e+06
./WORKING//matrices//oscil_dcop_50.pbin,1,10,20,430,39,1440.5,6.71666e+06,352.821,1726.62,198,0,4.66812e+06
./WORKING//matrices//oscil_dcop_51.pbin,1,10,20,430,39,1440.5,6.71666e+06,352.821,1726.62,198,0,4.66812e+06
./WORKING//matrices//oscil_dcop_52.pbin,1,10,20,430,39,1440.5,6.71666e+06,352.821,1726.62,198,0,4.66812e+06
./WORKING//matrices//oscil_dcop_53.pbin,1,10,20,430,39,1440.5,6.71666e+06,352.821,1726.62,198,0,4.66812e+06
./WORKING//matrices//oscil_dcop_54.pbin,1,10,20,430,39,1440.5,6.71666e+06,352.821,1726.62,198,0,4.66812e+06
./WORKING//matrices//oscil_dcop_55.pbin,1,10,20,430,39,1440.5,6.71666e+06,352.821,1726.62,198,0,4.66812e+06
./WORKING//matrices//oscil_dcop_56.pbin,1,10,20,430,39,1440.5,6.71666e+06,352.821,1726.62,198,0,4.66812e+06
./WORKING//matrices//oscil_dcop_57.pbin,1,10,20,430,39,1440.5,6.71666e+06,352.821,1726.62,198,0,4.66812e+06
./WORKING//matrices//oscil_trans_01.pbin,1,10,20,430,39,1505,1.58658e+07,407.949,3527.38,198,0,8.46457e+07
./WORKING//matrices//pcrystk02.pbin,1,10,20,13965,40,917500,13965,13965,0.0028643,461,1,0.00468149
./WORKING//matrices//pcrystk03.pbin,1,10,20,24696,40,1.73366e+06,24696,24696,0.0016197,572,1,0.00283431
./WORKING//matrices//pde225.pbin,1,10,20,225,39,1068.75,969.823,225,0.747123,15,1,0.115417
./WORKING//matrices//pde2961.pbin,1,10,20,2961,40,14212.8,11655.6,2961,0.0531763,47,1,0.00627016
./WORKING//matrices//pde900.pbin,1,10,20,900,40,4410,3964.2,900,0.195763,30,1,0.0247582
./WORKING//matrices//pesa.pbin,1,10,20,11738,40,81579.1,123249,11738,0.0357812,10173,1,0.0138068
./WORKING//matrices//pivtol.pbin,1,10,20,102,38,306,6.99665,102,0.0255548,101,1,1.39853e-05
./WORKING//matrices//pkustk01.pbin,1,10,20,22044,40,902702,22044,22044,0.00181455,19936,1,0.00185353
./WORKING//matrices//pkustk02.pbin,1,10,20,10800,40,774360,10800,10800,0.0037037,10389,1,0.00658846
./WORKING//matrices//plat1919.pbin,1,10,20,1919,40,33006.8,589.972,1919,0.00640828,1297,1,0.000147702
./WORKING//matrices//plat362.pbin,1,10,20,362,40,5755.8,60.7782,362,0.018552,249,1,0.000214581
./WORKING//matrices//plsk1919.pbin,1,10,20,1919,40,9882.85,0,0,-nan,1296,0,0.000170197
./WORKING//matrices//plskz362.pbin,1,10,20,362,40,1828.1,0,0,-nan,248,0,0.000516004
./WORKING//matrices//poisson2D.pbin,1,10,20,367,39,2422.2,191.562,367,0.0554678,348,1,0.000861989
./WORKING//matrices//poli_large.pbin,1,10,20,15575,40,31928.8,15575,15575,0.00256822,15446,1,0.000117672
./WORKING//matrices//poli.pbin,1,10,20,4008,40,7815.6,4008,4008,0.00998004,627,1,0.000367704
./WORKING//matrices//pores_1.pbin,1,10,20,30,30,182.4,6.08495e+07,30,2.02832e+06,11,4,5.88001e+11
./WORKING//matrices//pores_2.pbin,1,10,20,1224,40,9180,1.22202e+09,1224,32626.8,265,1,1.17356e+10
./WORKING//matrices//pores_3.pbin,1,10,20,532,40,3777.2,4.93843e+06,532,697.953,77,1,2.79403e+06
./WORKING//matrices//problem1.pbin,1,10,20,415,40,2863.5,1285.51,415,0.298565,242,1,0.0323219
./WORKING//matrices//radfr1.pbin,1,10,20,1048,39,13152.4,443.897,322.462,0.051228,948,0,0.0254922
./WORKING//matrices//raefsky5.pbin,1,10,20,6316,40,175585,2.5197e+11,6316,252653,382,1,1.26013e+11
./WORKING//matrices//raefsky6.pbin,1,10,20,3402,40,82668.6,4.49237e+16,3402,1.55263e+11,282,1,3.06989e+23
./WORKING//matrices//rajat01.pbin,1,10,20,6833,40,47147.7,5124.75,5124.75,0.00585394,6826,0,0.00100828
./WORKING//matrices//rajat02.pbin,1,10,20,1960,40,9114,1470,1470,0.0204082,1949,0,0.00236701
./WORKING//matrices//rajat03.pbin,1,10,20,7602,40,32308.5,66517.7,5701.5,0.0613875,7593,0,0.0473623
./WORKING//matrices//rajat04.pbin,1,10,20,1041,40,6402.15,611432,754.725,31.1293,1012,0,4.63463
./WORKING//matrices//rajat05.pbin,1,10,20,301,39,1219.05,219.611,277.846,0.102411,298,1,0.00989007
./WORKING//matrices//rajat06.pbin,1,10,20,10922,40,48056.8,8191.5,8191.5,0.00366233,10913,0,0.000402724
./WORKING//matrices//rajat07.pbin,1,10,20,14842,40,65304.8,11131.5,11131.5,0.00269505,14833,0,0.000296384
./WORKING//matrices//rajat08.pbin,1,10,20,19362,40,83256.6,14521.5,14521.5,0.0020659,19353,0,0.000222044
./WORKING//matrices//rajat11.pbin,1,10,20,135,38,567,38.8772,124.342,0.0880088,133,0,0.000732653
./WORKING//matrices//rajat12.pbin,1,10,20,1879,40,10240.5,40056.6,1456.22,0.58557,1877,1,0.0114481
./WORKING//matrices//rajat13.pbin,1,10,20,7598,40,34191,1.71359e+08,6458.3,139.685,7594,1,0.0709656
./WORKING//matrices//rajat14.pbin,1,10,20,180,39,1179,322897,138.462,505.275,177,1,117.271
./WORKING//matrices//rbsa480.pbin,1,10,20,480,38,17904,7136.84,138.947,4.06629,477,0,261.17
./WORKING//matrices//rbsb480.pbin,1,10,20,480,38,17832,9675.79,151.579,5.05347,477,0,262.732
./WORKING//matrices//rdb2048.pbin,1,10,20,2048,40,11980.8,50416.2,2048,0.480807,64,1,0.433472
./WORKING//matrices//rdb5000.pbin,1,10,20,5000,40,29750,298478,5000,0.477566,100,1,0.968975
./WORKING//matrices//rdb968.pbin,1,10,20,968,40,5420.8,11253.3,968,0.480384,44,1,0.253021
./WORKING//matrices//rdist1.pbin,1,10,20,4134,40,95702.1,392.194,1136.85,0.00333801,3934,0,0.000924431
./WORKING//matrices//rdist2.pbin,1,10,20,3198,40,58843.2,312.025,1039.35,0.00375499,58,0,0.00701527
./WORKING//matrices//rdist3a.pbin,1,10,20,2398,40,60669.4,181.563,779.35,0.00388602,90,0,1.08001
./WORKING//matrices//rgg010.pbin,1,10,20,10,10,70,10,10,1,9,4,0.153333
./WORKING//matrices//rw136.pbin,1,10,20,136,37,496.4,0,0,-nan,15,0,0.00305407
./WORKING//matrices//rw496.pbin,1,10,20,496,40,1959.2,0,0,-nan,30,0,0.000687556
./WORKING//matrices//saylr3.pbin,1,10,20,1000,40,3100,1020.08,1000,0.0408032,100,1,0.00306122
./WORKING//matrices//saylr4.pbin,1,10,20,3564,40,22275,2.01571e+07,3564,63.4765,198,1,14908.3
./WORKING//matrices//sherman1.pbin,1,10,20,1000,40,3100,1045.08,1000,0.0418032,100,1,0.00306122
./WORKING//matrices//sherman2.pbin,1,10,20,1080,39,22356,6.45048e+08,1080,21568,221,1,1.37617e+13
./WORKING//matrices//sherman4.pbin,1,10,20,1104,39,4581.6,6654.88,1104,0.212945,368,1,0.226711
./WORKING//matrices//sherman5.pbin,1,10,20,3312,40,18712.8,163173,3312,0.595016,1106,1,14.0432
./WORKING//matrices//shermanACa.pbin,1,10,20,3432,40,19390.8,1602.67,3432,0.00544265,2966,1,0.00260977
./WORKING//matrices//shermanACb.pbin,1,10,20,18510,40,121240,6532.77,18510,0.000762683,13084,1,1.64096e-05
./WORKING//matrices//shermanACd.pbin,1,10,20,6136,40,94187.6,852.283,6136,0.000905468,5748,1,0.00101038
./WORKING//matrices//shl_0.pbin,1,10,20,663,40,1657.5,82.875,82.875,0.0603318,534,0,33.2985
./WORKING//matrices//shl_200.pbin,1,10,20,663,40,1723.8,82.875,82.875,0.0603318,538,0,11.07
./WORKING//matrices//shl_400.pbin,1,10,20,663,40,1756.95,49.725,49.725,0.0603318,538,0,18.5814
./WORKING//matrices//shuttle_eddy.pbin,1,10,20,10429,40,106376,10429,10429,0.00383546,1857,1,0.000977101
./WORKING//matrices//shyy41.pbin,1,10,20,4720,40,19352,64037.1,2950,0.183962,40,0,0.16617
./WORKING//matrices//sinc12.pbin,1,10,20,7500,40,268500,0,0,-nan,3591,0,3.74679e+06
./WORKING//matrices//skirt.pbin,1,10,20,12598,40,199678,12598,12598,0.00317511,586,1,0.00125641
./WORKING//matrices//sphere2.pbin,1,10,20,66,38,448.8,66,66,0.575758,19,2,0.0937529
./WORKING//matrices//sphere3.pbin,1,10,20,258,39,1780.2,258,258,0.151163,45,1,0.0261273
./WORKING//matrices//sstmodel.pbin,1,10,20,3345,40,21240.8,3345,3345,0.0119581,84,1,0.00189343
./WORKING//matrices//steam1.pbin,1,10,20,240,36,2004,4.63401e+08,240,289625,141,1,7.82457e+10
./WORKING//matrices//steam2.pbin,1,10,20,600,40,5340,8.65643e+11,600,9.61825e+07,330,1,1.24278e+16
./WORKING//matrices//steam3.pbin,1,10,20,80,34,312,6.10868e+10,80,3.24524e+08,40,1,2.16397e+16
./WORKING//matrices//str_0.pbin,1,10,20,363,39,2250.6,9.30769,9.30769,0.107438,201,0,0.0225109
./WORKING//matrices//str_200.pbin,1,10,20,363,40,4138.2,9.075,9.075,0.110193,295,0,0.00882666
./WORKING//matrices//str_400.pbin,1,10,20,363,40,4192.65,9.075,9.075,0.110193,295,0,0.00890226
./WORKING//matrices//str_600.pbin,1,10,20,363,40,4428.6,9.075,9.075,0.110193,295,0,0.0136706
./WORKING//matrices//struct4.pbin,1,10,20,4350,40,212715,4350,4350,0.0091954,548,1,0.011108
./WORKING//matrices//swang1.pbin,1,10,20,3169,40,20598.5,31.7743,3169,0.000126559,2576,1,3.93144e-08
./WORKING//matrices//swang2.pbin,1,10,20,3169,40,20598.5,35.4979,3169,0.00014139,2576,1,4.6536e-08
./WORKING//matrices//tandem_vtx.pbin,1,10,20,18454,40,270351,18454,18454,0.00216755,18411,1,0.000793251
./WORKING//matrices//thermal.pbin,1,10,20,3456,40,67910.4,2027.75,3456,0.00679088,2297,1,0.000133825
./WORKING//matrices//tub100.pbin,1,10,20,100,39,400,96498.2,100,376.343,2,1,13966.7
./WORKING//matrices//utm1700b.pbin,1,10,20,1700,40,16490,1129.13,1700,0.0156282,174,1,0.000588447
./WORKING//matrices//utm300.pbin,1,10,20,300,39,3255,222.643,300,0.0964788,54,1,0.00334189
./WORKING//matrices//utm5940.pbin,1,10,20,5940,40,78111,4043.25,5940,0.00458372,334,1,0.000168374
./WORKING//matrices//wang1.pbin,1,10,20,2903,40,19305,510.995,2903,0.0024254,224,1,1.4181e-05
./WORKING//matrices//wang2.pbin,1,10,20,2903,40,19305,531.344,2903,0.00252198,224,1,1.68932e-05
./WORKING//matrices//watt_1.pbin,1,10,20,1856,40,11785.6,974.4,1856,0.0113147,64,1,2.69397e-05
./WORKING//matrices//watt_2.pbin,1,10,20,1856,40,11971.2,928,1856,0.0107759,64,1,2.69397e-05
./WORKING//matrices//west0067.pbin,1,10,20,67,35,274.7,0.169592,1.91429,0.0462797,59,0,0.0381532
./WORKING//matrices//west0132.pbin,1,10,20,132,39,534.6,4.54261,10.1538,0.13218,94,0,3.84865e+06
./WORKING//matrices//west0156.pbin,1,10,20,156,40,390,0,0,-nan,147,0,0.922375
./WORKING//matrices//west0167.pbin,1,10,20,167,40,534.4,119.086,16.7,1.708,158,0,3.01184e+07
./WORKING//matrices//west0479.pbin,1,10,20,479,40,2059.7,0,0,-nan,278,0,5.43154
./WORKING//matrices//west0497.pbin,1,10,20,497,40,2037.7,85351.6,24.85,276.432,157,0,5.09191e+07
./WORKING//matrices//west0655.pbin,1,10,20,655,40,3537,0,0,-nan,555,0,398.752
./WORKING//matrices//west0989.pbin,1,10,20,989,40,3510.95,33.4494,74.175,0.0182387,374,0,5.07819e+06
./WORKING//matrices//west1505.pbin,1,10,20,1505,40,3837.75,43.9266,75.25,0.0155147,439,0,210.433
./WORKING//matrices//west2021.pbin,1,10,20,2021,40,7073.5,60.8528,101.05,0.0119189,616,0,2.48678e+06
./WORKING//matrices//will199.pbin,1,10,20,199,40,676.6,39.8,39.8,0.201005,165,0,0.0168672
./WORKING//matrices//will57.pbin,1,10,20,57,33,250.8,57,57,0.578947,44,1,0.0718358
./WORKING//matrices//young3c.pbin,1,10,20,841,40,4036.8,162812,841,9.20778,29,1,55.9522
./WORKING//matrices//zenios.pbin,1,10,20,2873,39,1005.55,0,0,-nan,624,0,2.25573e-05
