Matrix Name, Comm Size , Edge, Interior ,Dimension,npoints,nnz,AbsoluteTrace,DiagonalNonZeros,DiagonalAverage,lowerBandwidth,MinNonZeroPerRow,ColumnVariance
./WORKING//matrices//494_bus.pbin,1,10,10,494,30,1531.4,84617.2,494,10.4022,428,1,92.7253
./WORKING//matrices//662_bus.pbin,1,10,10,662,30,2383.2,120537,662,8.25138,296,1,33.8392
./WORKING//matrices//685_bus.pbin,1,10,10,685,30,2808.5,739175,685,47.2593,221,1,131.771
./WORKING//matrices//adder_dcop_01.pbin,1,10,10,1813,30,6526.8,2.2558,1692.13,2.20592e-05,1553,0,5.51572e-05
./WORKING//matrices//adder_dcop_02.pbin,1,10,10,1813,30,6526.8,25.8684,1692.13,0.000252964,1553,0,5.51582e-05
./WORKING//matrices//adder_dcop_03.pbin,1,10,10,1813,30,6345.5,47.2325,1692.13,0.00046188,1553,0,5.51643e-05
./WORKING//matrices//adder_dcop_04.pbin,1,10,10,1813,30,6345.5,65.3663,1692.13,0.000639209,1553,0,5.52521e-05
./WORKING//matrices//adder_dcop_05.pbin,1,10,10,1813,30,6526.8,206.708,1692.13,0.00202137,1553,0,5.51802e-05
./WORKING//matrices//adder_dcop_06.pbin,1,10,10,1813,30,6526.8,102.34,1692.13,0.00100077,1553,0,5.51683e-05
./WORKING//matrices//adder_dcop_07.pbin,1,10,10,1813,30,6526.8,207.826,1692.13,0.0020323,1553,0,5.51656e-05
./WORKING//matrices//adder_dcop_08.pbin,1,10,10,1813,30,6526.8,115.363,1692.13,0.00112812,1553,0,5.51651e-05
./WORKING//matrices//adder_dcop_09.pbin,1,10,10,1813,30,6526.8,875.767,1692.13,0.00856402,1553,0,5.51651e-05
./WORKING//matrices//adder_dcop_10.pbin,1,10,10,1813,30,6526.8,121.637,1692.13,0.00118947,1553,0,5.51649e-05
./WORKING//matrices//adder_dcop_11.pbin,1,10,10,1813,30,6526.8,62.3448,1692.13,0.000609662,1553,0,5.51664e-05
./WORKING//matrices//adder_dcop_12.pbin,1,10,10,1813,30,6526.8,47.8094,1692.13,0.000467522,1553,0,5.5167e-05
./WORKING//matrices//adder_dcop_13.pbin,1,10,10,1813,30,6526.8,40.3765,1692.13,0.000394837,1553,0,5.51672e-05
./WORKING//matrices//adder_dcop_14.pbin,1,10,10,1813,30,6345.5,47.3897,1692.13,0.000463418,1553,0,5.51677e-05
./WORKING//matrices//adder_dcop_15.pbin,1,10,10,1813,30,6526.8,39.9641,1692.13,0.000390804,1553,0,5.5168e-05
./WORKING//matrices//adder_dcop_16.pbin,1,10,10,1813,30,6526.8,34.8302,1692.13,0.0003406,1553,0,5.51679e-05
./WORKING//matrices//adder_dcop_17.pbin,1,10,10,1813,30,6526.8,32.9492,1692.13,0.000322206,1553,0,5.51679e-05
./WORKING//matrices//adder_dcop_18.pbin,1,10,10,1813,30,6526.8,32.2989,1692.13,0.000315847,1553,0,5.51679e-05
./WORKING//matrices//adder_dcop_19.pbin,1,10,10,1813,30,6526.8,32.0284,1692.13,0.000313201,1553,0,5.51679e-05
./WORKING//matrices//adder_dcop_20.pbin,1,10,10,1813,30,6526.8,30.0482,1692.13,0.000293838,1553,0,5.51679e-05
./WORKING//matrices//adder_dcop_21.pbin,1,10,10,1813,30,6526.8,24.7653,1692.13,0.000242177,1553,0,5.51679e-05
./WORKING//matrices//adder_dcop_22.pbin,1,10,10,1813,30,6526.8,24.7873,1692.13,0.000242392,1553,0,5.51679e-05
./WORKING//matrices//adder_dcop_23.pbin,1,10,10,1813,30,6526.8,24.8103,1692.13,0.000242617,1553,0,5.51679e-05
./WORKING//matrices//adder_dcop_24.pbin,1,10,10,1813,30,6526.8,24.8016,1692.13,0.000242532,1553,0,5.51679e-05
./WORKING//matrices//adder_dcop_25.pbin,1,10,10,1813,30,6526.8,24.809,1692.13,0.000242604,1553,0,5.51679e-05
./WORKING//matrices//adder_dcop_26.pbin,1,10,10,1813,30,6526.8,24.8032,1692.13,0.000242548,1553,0,5.51679e-05
./WORKING//matrices//adder_dcop_27.pbin,1,10,10,1813,30,6526.8,24.7948,1692.13,0.000242466,1553,0,5.51679e-05
./WORKING//matrices//adder_dcop_28.pbin,1,10,10,1813,30,6526.8,24.7993,1692.13,0.000242509,1553,0,5.51679e-05
./WORKING//matrices//adder_dcop_29.pbin,1,10,10,1813,30,6526.8,24.7859,1692.13,0.000242378,1553,0,5.51679e-05
./WORKING//matrices//adder_dcop_30.pbin,1,10,10,1813,30,6526.8,24.7935,1692.13,0.000242453,1553,0,5.51679e-05
./WORKING//matrices//adder_dcop_31.pbin,1,10,10,1813,30,6526.8,24.7829,1692.13,0.000242349,1553,0,5.51679e-05
./WORKING//matrices//adder_dcop_32.pbin,1,10,10,1813,30,6526.8,24.7979,1692.13,0.000242496,1553,0,5.51679e-05
./WORKING//matrices//adder_dcop_33.pbin,1,10,10,1813,30,6526.8,24.798,1692.13,0.000242497,1553,0,5.51679e-05
./WORKING//matrices//adder_dcop_34.pbin,1,10,10,1813,30,6526.8,24.7811,1692.13,0.000242332,1553,0,5.51679e-05
./WORKING//matrices//adder_dcop_35.pbin,1,10,10,1813,30,8521.1,24.2131,1752.57,0.000228612,1531,1,6.37939e-09
./WORKING//matrices//adder_dcop_36.pbin,1,10,10,1813,30,8521.1,25.7481,1752.57,0.000243105,1531,1,6.37939e-09
./WORKING//matrices//adder_dcop_37.pbin,1,10,10,1813,30,8521.1,24.498,1752.57,0.000231302,1531,1,6.37939e-09
./WORKING//matrices//adder_dcop_38.pbin,1,10,10,1813,30,8521.1,24.256,1752.57,0.000229017,1531,1,6.37939e-09
./WORKING//matrices//adder_dcop_39.pbin,1,10,10,1813,30,8521.1,24.2424,1752.57,0.000228889,1531,1,6.37939e-09
./WORKING//matrices//adder_dcop_40.pbin,1,10,10,1813,30,8521.1,24.3251,1752.57,0.00022967,1531,1,6.37939e-09
./WORKING//matrices//adder_dcop_41.pbin,1,10,10,1813,30,8521.1,24.2468,1752.57,0.00022893,1531,1,6.37939e-09
./WORKING//matrices//adder_dcop_42.pbin,1,10,10,1813,30,8521.1,24.2363,1752.57,0.000228831,1531,1,6.37939e-09
./WORKING//matrices//adder_dcop_43.pbin,1,10,10,1813,30,8521.1,24.2486,1752.57,0.000228947,1531,1,6.37939e-09
./WORKING//matrices//adder_dcop_44.pbin,1,10,10,1813,30,8521.1,24.2395,1752.57,0.000228861,1531,1,6.37939e-09
./WORKING//matrices//adder_dcop_45.pbin,1,10,10,1813,30,8521.1,24.2495,1752.57,0.000228955,1531,1,6.37939e-09
./WORKING//matrices//adder_dcop_46.pbin,1,10,10,1813,30,8521.1,24.2442,1752.57,0.000228906,1531,1,6.37939e-09
./WORKING//matrices//adder_dcop_47.pbin,1,10,10,1813,30,8521.1,24.2394,1752.57,0.000228861,1531,1,6.37939e-09
./WORKING//matrices//adder_dcop_48.pbin,1,10,10,1813,30,8521.1,24.2361,1752.57,0.000228829,1531,1,6.37939e-09
./WORKING//matrices//adder_dcop_49.pbin,1,10,10,1813,30,8521.1,24.2428,1752.57,0.000228892,1531,1,6.37939e-09
./WORKING//matrices//adder_dcop_50.pbin,1,10,10,1813,30,8521.1,24.2325,1752.57,0.000228795,1531,1,6.37939e-09
./WORKING//matrices//adder_dcop_51.pbin,1,10,10,1813,30,8521.1,24.1065,1752.57,0.000227606,1531,1,6.37939e-09
./WORKING//matrices//adder_dcop_52.pbin,1,10,10,1813,30,8521.1,23.6627,1752.57,0.000223416,1531,1,6.37939e-09
./WORKING//matrices//adder_dcop_53.pbin,1,10,10,1813,30,8521.1,23.6666,1752.57,0.000223452,1531,1,6.37939e-09
./WORKING//matrices//adder_dcop_54.pbin,1,10,10,1813,30,8521.1,23.6668,1752.57,0.000223454,1531,1,6.37939e-09
./WORKING//matrices//adder_dcop_55.pbin,1,10,10,1813,30,8521.1,23.6668,1752.57,0.000223454,1531,1,6.37939e-09
./WORKING//matrices//adder_dcop_56.pbin,1,10,10,1813,30,8521.1,23.6668,1752.57,0.000223454,1531,1,6.37939e-09
./WORKING//matrices//adder_dcop_57.pbin,1,10,10,1813,30,8521.1,23.6668,1752.57,0.000223454,1531,1,6.37939e-09
./WORKING//matrices//adder_dcop_58.pbin,1,10,10,1813,30,8521.1,23.6668,1752.57,0.000223454,1531,1,6.37939e-09
./WORKING//matrices//adder_dcop_59.pbin,1,10,10,1813,30,8521.1,23.6668,1752.57,0.000223454,1531,1,6.37939e-09
./WORKING//matrices//adder_dcop_60.pbin,1,10,10,1813,30,8521.1,23.6668,1752.57,0.000223454,1531,1,6.37939e-09
./WORKING//matrices//adder_dcop_61.pbin,1,10,10,1813,30,8521.1,23.6668,1752.57,0.000223454,1531,1,6.37939e-09
./WORKING//matrices//adder_dcop_62.pbin,1,10,10,1813,30,8521.1,23.6668,1752.57,0.000223454,1531,1,6.37939e-09
./WORKING//matrices//adder_dcop_63.pbin,1,10,10,1813,30,8521.1,23.6668,1752.57,0.000223454,1531,1,6.37939e-09
./WORKING//matrices//adder_dcop_64.pbin,1,10,10,1813,30,8521.1,23.6668,1752.57,0.000223454,1531,1,6.37939e-09
./WORKING//matrices//adder_dcop_65.pbin,1,10,10,1813,30,8521.1,23.6668,1752.57,0.000223454,1531,1,6.37939e-09
./WORKING//matrices//adder_dcop_66.pbin,1,10,10,1813,30,8521.1,23.6668,1752.57,0.000223454,1531,1,6.37939e-09
./WORKING//matrices//adder_dcop_67.pbin,1,10,10,1813,30,8521.1,23.6668,1752.57,0.000223454,1531,1,6.37939e-09
./WORKING//matrices//adder_dcop_68.pbin,1,10,10,1813,30,8521.1,23.6668,1752.57,0.000223454,1531,1,6.37939e-09
./WORKING//matrices//adder_dcop_69.pbin,1,10,10,1813,30,8521.1,23.6668,1752.57,0.000223454,1531,1,6.37939e-09
./WORKING//matrices//adder_trans_01.pbin,1,10,10,1814,29,20679.6,470.132,1751.45,0.00429124,1802,1,6.32502e-07
./WORKING//matrices//adder_trans_02.pbin,1,10,10,1814,29,20679.6,470.132,1751.45,0.00429124,1802,1,6.32504e-07
./WORKING//matrices//aft01.pbin,1,10,10,8205,30,113229,94186,8205,0.0419711,154,1,0.137529
./WORKING//matrices//Alemdar.pbin,1,10,10,6245,30,39343.5,6245,6245,0.00480384,5534,1,0.0688417
./WORKING//matrices//arc130.pbin,1,10,10,130,30,494,133.315,130,0.236654,125,1,1.33306e+07
./WORKING//matrices//ash292.pbin,1,10,10,292,29,2336,292,292,0.0993151,23,1,0.0266911
./WORKING//matrices//ash85.pbin,1,10,10,85,27,561,85,85,0.317647,39,2,0.0720448
./WORKING//matrices//b1_ss.pbin,1,10,10,7,7,14,6,6,1,6,2,0.241845
./WORKING//matrices//b2_ss.pbin,1,10,10,1089,29,4682.7,0,0,-nan,865,0,23557
./WORKING//matrices//barth4.pbin,1,10,10,6019,30,41531.1,6019,6019,0.00498422,1305,1,0.00114524
./WORKING//matrices//barth5.pbin,1,10,10,15606,30,109242,15606,15606,0.00192234,1596,1,0.000448373
./WORKING//matrices//barth.pbin,1,10,10,6691,30,44160.6,6691,6691,0.00448363,5583,1,0.000985515
./WORKING//matrices//bayer04.pbin,1,10,10,20545,30,119161,0,0,-nan,20446,0,3.48609e+07
./WORKING//matrices//bayer05.pbin,1,10,10,3268,30,22549.2,0,0,-nan,3008,0,1.10481e+06
./WORKING//matrices//bayer06.pbin,1,10,10,3008,30,21056,0,0,-nan,2275,0,4.47515e-05
./WORKING//matrices//bayer07.pbin,1,10,10,3268,30,22876,0,0,-nan,3008,0,1.10481e+06
./WORKING//matrices//bayer08.pbin,1,10,10,3008,30,21056,0,0,-nan,2275,0,0.00133195
./WORKING//matrices//bayer09.pbin,1,10,10,3083,30,7707.5,0,0,-nan,2342,0,12931.1
./WORKING//matrices//bayer10.pbin,1,10,10,13436,30,92708.4,0,0,-nan,8305,0,0.423541
./WORKING//matrices//bcspwr01.pbin,1,10,10,39,28,144.3,39,39,0.717949,38,1,0.0874494
./WORKING//matrices//bcspwr02.pbin,1,10,10,49,28,142.1,49,49,0.571429,34,1,0.0564626
./WORKING//matrices//bcspwr03.pbin,1,10,10,118,30,483.8,118,118,0.254237,115,1,0.0334999
./WORKING//matrices//bcspwr04.pbin,1,10,10,274,30,1424.8,274,274,0.109489,265,1,0.0186091
./WORKING//matrices//bcspwr05.pbin,1,10,10,443,30,1461.9,443,443,0.0677201,435,1,0.00740631
./WORKING//matrices//bcspwr06.pbin,1,10,10,1454,30,5525.2,1454,1454,0.0206327,612,1,0.00260733
./WORKING//matrices//bcspwr07.pbin,1,10,10,1612,30,4352.4,1612,1612,0.0186104,240,1,0.00167301
./WORKING//matrices//bcspwr08.pbin,1,10,10,1624,30,6171.2,1624,1624,0.0184729,704,1,0.00233535
./WORKING//matrices//bcspwr09.pbin,1,10,10,1723,30,4824.4,1723,1723,0.0174115,1499,1,0.00162305
./WORKING//matrices//bcspwr10.pbin,1,10,10,5300,30,21730,5300,5300,0.00566038,4938,1,0.000773079
./WORKING//matrices//bcsstk01.pbin,1,10,10,48,27,364.8,3.24946e+10,48,3.80796e+08,31,2,1.74293e+16
./WORKING//matrices//bcsstk02.pbin,1,10,10,66,29,4356,302954,66,2016.91,65,29,788663
./WORKING//matrices//bcsstk03.pbin,1,10,10,112,29,660.8,2.75046e+12,112,6.3587e+09,7,1,8.48677e+16
./WORKING//matrices//bcsstk04.pbin,1,10,10,132,30,3814.8,2.55183e+08,132,439365,44,2,1.51653e+11
./WORKING//matrices//bcsstk05.pbin,1,10,10,153,30,2769.3,1.24749e+08,153,159874,27,1,2.99279e+10
./WORKING//matrices//bcsstk06.pbin,1,10,10,420,30,5964,1.31075e+11,420,2.22916e+07,47,1,3.86887e+14
./WORKING//matrices//bcsstk07.pbin,1,10,10,420,30,5964,1.31075e+11,420,2.22916e+07,47,1,3.86887e+14
./WORKING//matrices//bcsstk08.pbin,1,10,10,1074,30,36838.2,4.20116e+12,1074,1.09265e+08,590,1,7.20397e+16
./WORKING//matrices//bcsstk09.pbin,1,10,10,1083,30,15920.1,1.70927e+10,1083,437195,62,1,3.89266e+11
./WORKING//matrices//bcsstk10.pbin,1,10,10,1086,30,19548,4.03713e+09,1086,102691,36,1,9.18309e+10
./WORKING//matrices//bcsstk11.pbin,1,10,10,1473,30,35057.4,1.01275e+11,1473,1.40028e+06,59,1,3.32157e+11
./WORKING//matrices//bcsstk12.pbin,1,10,10,1473,30,35057.4,1.01275e+11,1473,1.40028e+06,59,1,3.32157e+11
./WORKING//matrices//bcsstk13.pbin,1,10,10,2003,30,60490.6,2.26201e+13,2003,1.69143e+08,658,1,3.71951e+18
./WORKING//matrices//bcsstk14.pbin,1,10,10,1806,30,60862.2,5.29121e+11,1806,4.86677e+06,131,1,4.49629e+14
./WORKING//matrices//bcsstk15.pbin,1,10,10,3948,30,106596,8.04939e+11,3948,1.54928e+06,343,1,2.04714e+13
./WORKING//matrices//bcsstk16.pbin,1,10,10,4884,30,264224,1.58316e+12,4884,1.99111e+06,135,1,1.20652e+14
./WORKING//matrices//bcsstk18.pbin,1,10,10,11948,30,114701,2.17879e+12,11948,457875,876,1,2.21098e+13
./WORKING//matrices//bcsstk19.pbin,1,10,10,817,30,6209.2,1.6475e+16,817,7.40461e+11,336,1,1.43115e+24
./WORKING//matrices//bcsstk20.pbin,1,10,10,485,30,3055.5,3.26923e+15,485,4.16949e+11,15,1,9.00728e+23
./WORKING//matrices//bcsstk21.pbin,1,10,10,3600,30,27360,8.45535e+10,3600,195726,125,1,4.78663e+11
./WORKING//matrices//bcsstk22.pbin,1,10,10,138,30,786.6,1.08349e+08,138,170683,111,1,3.40224e+10
./WORKING//matrices//bcsstk23.pbin,1,10,10,3134,30,38234.8,1.18101e+18,3134,3.60725e+12,443,1,1.41753e+27
./WORKING//matrices//bcsstk26.pbin,1,10,10,1922,29,32289.6,1.01384e+12,1922,7.95904e+06,213,1,2.17686e+14
./WORKING//matrices//bcsstk27.pbin,1,10,10,1224,30,53611.2,2.86378e+08,1224,5734.53,46,1,5.97564e+08
./WORKING//matrices//bcsstk29.pbin,1,10,10,13992,30,535894,13992,13992,0.00214408,1108,1,0.00272794
./WORKING//matrices//bcsstk33.pbin,1,10,10,8738,30,591563,8738,8738,0.00343328,538,1,0.00768615
./WORKING//matrices//bcsstk34.pbin,1,10,10,588,30,23108.4,5.9616e+08,588,51728.4,77,1,1.60757e+10
./WORKING//matrices//bcsstm01.pbin,1,10,10,48,28,28.8,3942.86,25.7143,89.4444,0,0,437.5
./WORKING//matrices//bcsstm02.pbin,1,10,10,66,29,66,5.55194,66,0.036962,0,1,0.000143825
./WORKING//matrices//bcsstm03.pbin,1,10,10,112,28,100.8,81837.9,84,243.565,0,0,1.29136
./WORKING//matrices//bcsstm04.pbin,1,10,10,132,30,92.4,6.8633,74.8,0.0208535,0,0,7.28088e-05
./WORKING//matrices//bcsstm05.pbin,1,10,10,153,28,153,66.1311,153,0.0791008,0,1,0.00144809
./WORKING//matrices//bcsstm06.pbin,1,10,10,420,29,420,999955,420,164.392,0,1,31149.3
./WORKING//matrices//bcsstm07.pbin,1,10,10,420,29,7182,227916,420,37.4692,47,1,2167.8
./WORKING//matrices//bcsstm08.pbin,1,10,10,1074,30,1074,3.7689e+07,1074,980.229,0,1,558.811
./WORKING//matrices//bcsstm09.pbin,1,10,10,1083,30,1083,0.0935251,1083,2.39217e-06,0,1,1.85849e-11
./WORKING//matrices//bcsstm10.pbin,1,10,10,1086,30,24109.2,4.76351e+06,1086,121.168,37,1,92809.8
./WORKING//matrices//bcsstm11.pbin,1,10,10,1473,30,1473,8207.69,1473,0.113484,0,1,0.067782
./WORKING//matrices//bcsstm12.pbin,1,10,10,1473,30,23715.3,2049.14,1473,0.0283327,645,1,0.0054135
./WORKING//matrices//bcsstm13.pbin,1,10,10,2003,30,28242.3,1902.38,1335.33,0.0213377,476,0,0.00237261
./WORKING//matrices//bcsstm19.pbin,1,10,10,817,29,817,1.07165e+09,817,46559.2,0,1,2.55843e+09
./WORKING//matrices//bcsstm20.pbin,1,10,10,485,29,485,1.20397e+08,485,14843.4,0,1,5.03446e+08
./WORKING//matrices//bcsstm21.pbin,1,10,10,3600,30,3600,0.294041,3600,6.8065e-07,0,1,3.58645e-12
./WORKING//matrices//bcsstm22.pbin,1,10,10,138,30,138,0.0763647,138,0.000120297,0,1,2.98338e-09
./WORKING//matrices//bcsstm23.pbin,1,10,10,3134,30,3134,9.22094e+08,3134,2816.43,0,1,1.27917e+08
./WORKING//matrices//bcsstm24.pbin,1,10,10,3562,30,3562,9.92381e+07,3562,234.645,0,1,570209
./WORKING//matrices//bcsstm25.pbin,1,10,10,15439,30,15439,6.32687e+08,15439,79.6291,0,1,308647
./WORKING//matrices//bcsstm26.pbin,1,10,10,1922,30,1922,284.196,1922,0.00230798,0,1,6.48268e-05
./WORKING//matrices//bcsstm27.pbin,1,10,10,1224,30,57405.6,475640,1224,9.52438,45,1,782.193
./WORKING//matrices//bcsstm34.pbin,1,10,10,588,30,26812.8,67.9692,588,0.00589764,77,1,0.000419973
./WORKING//matrices//bcsstm38.pbin,1,10,10,8032,30,12851.2,25.0063,5622.4,1.66121e-05,4,0,3.18189e-08
./WORKING//matrices//b_dyn.pbin,1,10,10,1089,30,3484.8,2.0557,36.3,0.00156008,813,0,1.14141e-05
./WORKING//matrices//bfwa398.pbin,1,10,10,398,29,3860.6,1224.8,398,0.224232,275,1,0.0447715
./WORKING//matrices//bfwa62.pbin,1,10,10,62,28,471.2,192.694,62,1.4036,44,1,0.305758
./WORKING//matrices//bfwa782.pbin,1,10,10,782,30,7429,2344.77,782,0.115029,584,1,0.0211812
./WORKING//matrices//bfwb398.pbin,1,10,10,398,29,2985,0.00346464,398,6.34294e-07,275,1,3.33202e-13
./WORKING//matrices//bfwb62.pbin,1,10,10,62,28,353.4,0.00341124,62,2.48478e-05,44,1,8.67526e-11
./WORKING//matrices//bfwb782.pbin,1,10,10,782,30,5786.8,0.00492967,782,2.41838e-07,584,1,8.54225e-14
./WORKING//matrices//big.pbin,1,10,10,13209,30,88500.3,143538,13209,0.0246801,11910,1,0.0116899
./WORKING//matrices//blckhole.pbin,1,10,10,2132,30,14284.4,2132,2132,0.0140713,848,1,0.00313401
./WORKING//matrices//bp_0.pbin,1,10,10,822,30,2630.4,27.4,27.4,0.0364964,493,0,0.0804428
./WORKING//matrices//bp_1000.pbin,1,10,10,822,30,3699,27.4,27.4,0.0364964,732,0,0.227132
./WORKING//matrices//bp_1200.pbin,1,10,10,822,30,4356.6,27.4,27.4,0.0364964,804,0,1.04363
./WORKING//matrices//bp_1400.pbin,1,10,10,822,30,4438.8,27.4,27.4,0.0364964,804,0,0.268399
./WORKING//matrices//bp_1600.pbin,1,10,10,822,30,4438.8,27.4,27.4,0.0364964,804,0,0.268399
./WORKING//matrices//bp_200.pbin,1,10,10,822,30,2630.4,27.4,27.4,0.0364964,776,0,0.0804428
./WORKING//matrices//bp_400.pbin,1,10,10,822,30,2630.4,27.4,27.4,0.0364964,755,0,0.0804428
./WORKING//matrices//bp_600.pbin,1,10,10,822,30,2630.4,27.4,27.4,0.0364964,755,0,0.0804428
./WORKING//matrices//bp_800.pbin,1,10,10,822,30,2877,27.4,27.4,0.0364964,755,0,0.15282
./WORKING//matrices//bwm200.pbin,1,10,10,200,28,800,90822.5,200,63.5757,100,1,1590.95
./WORKING//matrices//cage10.pbin,1,10,10,11397,30,156139,7124.45,11397,0.00164548,3828,1,3.95169e-05
./WORKING//matrices//cage3.pbin,1,10,10,5,5,-nan,2.33333,5,0.466667,4,3,-nan
./WORKING//matrices//cage4.pbin,1,10,10,9,9,51.75,5,9,0.555556,7,5,0.0308294
./WORKING//matrices//cage5.pbin,1,10,10,37,27,251.6,21.364,37,0.421349,20,2,0.00987383
./WORKING//matrices//cage6.pbin,1,10,10,93,29,744,56.4415,93,0.189248,38,2,0.00486835
./WORKING//matrices//cage7.pbin,1,10,10,340,30,2924,209.048,340,0.0542512,124,1,0.00141138
./WORKING//matrices//cage8.pbin,1,10,10,1015,30,12687.5,649.746,1015,0.0189205,352,1,0.000371582
./WORKING//matrices//cage9.pbin,1,10,10,3534,30,44881.8,2162.96,3534,0.00519562,1537,1,0.000122079
./WORKING//matrices//can_1054.pbin,1,10,10,1054,30,11172.4,1054,1054,0.028463,992,1,0.00995529
./WORKING//matrices//can_1072.pbin,1,10,10,1072,30,13936,1072,1072,0.0279851,993,1,0.0119638
./WORKING//matrices//can_144.pbin,1,10,10,144,29,1425.6,144,144,0.201389,142,1,0.0641171
./WORKING//matrices//can_161.pbin,1,10,10,161,30,1352.4,161,161,0.186335,79,1,0.049705
./WORKING//matrices//can_187.pbin,1,10,10,187,29,1402.5,187,187,0.15508,63,1,0.0386407
./WORKING//matrices//can_229.pbin,1,10,10,229,30,1809.1,229,229,0.131004,172,1,0.0333831
./WORKING//matrices//can_24.pbin,1,10,10,24,23,160.8,24,24,0.958333,21,3,0.205254
./WORKING//matrices//can_256.pbin,1,10,10,256,29,3532.8,256,256,0.113281,251,1,0.0506464
./WORKING//matrices//can_268.pbin,1,10,10,268,30,4341.6,268,268,0.11194,263,1,0.0565124
./WORKING//matrices//can_292.pbin,1,10,10,292,29,2394.4,292,292,0.0993151,282,1,0.0273102
./WORKING//matrices//can_445.pbin,1,10,10,445,30,3916,445,445,0.0674157,403,1,0.0194271
./WORKING//matrices//can_61.pbin,1,10,10,61,26,549,61,61,0.42623,49,2,0.126885
./WORKING//matrices//can_62.pbin,1,10,10,62,26,229.4,62,62,0.419355,26,1,0.0568218
./WORKING//matrices//can_634.pbin,1,10,10,634,30,6720.4,634,634,0.0473186,466,1,0.0164347
./WORKING//matrices//can_715.pbin,1,10,10,715,30,6649.5,715,715,0.041958,186,1,0.0128491
./WORKING//matrices//can_73.pbin,1,10,10,73,28,343.1,73,73,0.383562,39,1,0.060312
./WORKING//matrices//can_838.pbin,1,10,10,838,30,8044.8,838,838,0.0357995,837,1,0.0113027
./WORKING//matrices//can_96.pbin,1,10,10,96,28,777.6,96,96,0.291667,31,1,0.0778618
./WORKING//matrices//cavity01.pbin,1,10,10,317,30,9605.1,1044.69,274.733,0.359864,102,0,0.17433
./WORKING//matrices//cavity03.pbin,1,10,10,317,30,9763.6,1193,274.733,0.410951,102,0,1.17311
./WORKING//matrices//cavity04.pbin,1,10,10,317,30,7354.4,1431.34,274.733,0.493052,102,0,2.947
./WORKING//matrices//cavity05.pbin,1,10,10,1182,30,33214.2,3175.64,1024.4,0.0786802,177,0,0.0272917
./WORKING//matrices//cavity07.pbin,1,10,10,1182,30,33450.6,3221.45,1024.4,0.0798151,177,0,0.0489897
./WORKING//matrices//cavity08.pbin,1,10,10,1182,30,28722.6,3330.78,1024.4,0.0825241,177,0,0.0722433
./WORKING//matrices//cavity09.pbin,1,10,10,1182,30,33450.6,3600.63,1024.4,0.0892099,177,0,0.112787
./WORKING//matrices//cavity12.pbin,1,10,10,2597,30,86739.8,8354.62,2250.73,0.0428797,252,0,0.0243224
./WORKING//matrices//cavity13.pbin,1,10,10,2597,30,86739.8,8370.15,2250.73,0.0429594,252,0,0.0324936
./WORKING//matrices//cavity14.pbin,1,10,10,2597,30,86739.8,8355.72,2250.73,0.0428854,252,0,0.0440504
./WORKING//matrices//cavity15.pbin,1,10,10,2597,30,86739.8,8661.1,2250.73,0.0444527,252,0,0.0585368
./WORKING//matrices//cavity23.pbin,1,10,10,4562,30,183849,11630.5,3801.67,0.0201182,327,0,0.00922627
./WORKING//matrices//cavity24.pbin,1,10,10,4562,30,188411,11630.4,3801.67,0.0201181,327,0,0.0104583
./WORKING//matrices//cavity25.pbin,1,10,10,4562,30,183849,11631.7,3801.67,0.0201203,327,0,0.011888
./WORKING//matrices//cavity26.pbin,1,10,10,4562,30,188411,11632.5,3801.67,0.0201218,327,0,0.0135429
./WORKING//matrices//cdde1.pbin,1,10,10,961,30,4708.9,3815.85,961,0.123955,31,1,0.0205086
./WORKING//matrices//cdde3.pbin,1,10,10,961,30,4708.9,3768.92,961,0.122431,31,1,0.0201072
./WORKING//matrices//cdde5.pbin,1,10,10,961,30,4708.9,3609.38,961,0.117248,31,1,0.0187794
./WORKING//matrices//cegb2802.pbin,1,10,10,2802,30,285804,2521.8,2521.8,0.0107066,203,0,0.0349746
./WORKING//matrices//cegb2919.pbin,1,10,10,2919,30,363416,2919,2919,0.0102775,1503,1,0.0407206
./WORKING//matrices//cegb3024.pbin,1,10,10,3024,30,77414.4,3024,3024,0.00992063,221,1,0.00838685
./WORKING//matrices//cegb3306.pbin,1,10,10,3306,30,83311.2,3306,3306,0.00907441,397,1,0.00754771
./WORKING//matrices//cell1.pbin,1,10,10,7055,30,30336.5,835506,7055,0.50359,81,1,3.5305
./WORKING//matrices//cell2.pbin,1,10,10,7055,30,30336.5,835500,7055,0.503586,81,1,3.53046
./WORKING//matrices//circuit_1.pbin,1,10,10,2624,30,17843.2,25.7703,1574.4,0.000187138,2555,1,3.15892e-12
./WORKING//matrices//circuit_2.pbin,1,10,10,4510,30,30668,2729.69,3758.33,0.00483128,1101,1,0.000221801
./WORKING//matrices//circuit_3.pbin,1,10,10,12127,30,29104.8,8075.61,9701.6,0.00205921,7263,1,9.13975e-05
./WORKING//matrices//ck104.pbin,1,10,10,104,28,1019.2,90.1983,104,0.233501,55,1,0.00836127
./WORKING//matrices//coater1.pbin,1,10,10,1348,30,18332.8,539.2,539.2,0.0222552,381,0,0.113797
./WORKING//matrices//commanche_dual.pbin,1,10,10,7920,30,31680,7920,7920,0.00378788,7485,1,0.000504859
./WORKING//matrices//comsol.pbin,1,10,10,1500,30,84900,317.82,1500,0.0042376,1493,1,5.60456e-05
./WORKING//matrices//coupled.pbin,1,10,10,11341,30,100935,7592.44,7560.67,0.00265639,11290,0,0.000373893
./WORKING//matrices//crystm01.pbin,1,10,10,4875,30,102375,1.69856e-09,4875,2.14414e-15,237,1,2.43434e-28
./WORKING//matrices//crystm02.pbin,1,10,10,13965,30,289076,1.56487e-09,13965,2.40723e-16,459,1,9.56981e-30
./WORKING//matrices//curtis54.pbin,1,10,10,54,29,243,54,54,0.537037,44,1,0.0772537
./WORKING//matrices//d_dyn1.pbin,1,10,10,87,30,226.2,0,0,-nan,77,0,746.601
./WORKING//matrices//d_dyn.pbin,1,10,10,87,30,217.5,0,0,-nan,77,0,0.00746588
./WORKING//matrices//d_ss.pbin,1,10,10,53,29,159,295.763,7.31034,22.1374,45,0,254488
./WORKING//matrices//dw1024.pbin,1,10,10,2048,30,10035.2,1115.93,2048,0.00798177,32,1,0.000157821
./WORKING//matrices//dw256A.pbin,1,10,10,512,30,2662.4,261.118,512,0.0298826,272,1,0.00230739
./WORKING//matrices//dw256B.pbin,1,10,10,512,30,2662.4,388.946,512,0.0445114,272,1,0.00134882
./WORKING//matrices//dwt_1005.pbin,1,10,10,1005,30,8643,1005,1005,0.0298507,851,1,0.00847654
./WORKING//matrices//dwt_1007.pbin,1,10,10,1007,30,8660.2,1007,1007,0.0297915,986,1,0.00847428
./WORKING//matrices//dwt_1242.pbin,1,10,10,1242,30,10681.2,1242,1242,0.0241546,526,1,0.0068802
./WORKING//matrices//dwt_162.pbin,1,10,10,162,30,1231.2,162,162,0.185185,156,1,0.0448662
./WORKING//matrices//dwt_193.pbin,1,10,10,193,29,3570.5,193,193,0.150259,56,1,0.0859834
./WORKING//matrices//dwt_198.pbin,1,10,10,198,30,1465.2,198,198,0.151515,34,1,0.0360509
./WORKING//matrices//dwt_209.pbin,1,10,10,209,30,1860.1,209,209,0.143541,178,1,0.0409091
./WORKING//matrices//dwt_221.pbin,1,10,10,221,30,1502.8,221,221,0.135747,187,1,0.029893
./WORKING//matrices//dwt_234.pbin,1,10,10,234,28,1006.2,234,234,0.119658,28,1,0.0180459
./WORKING//matrices//dwt_245.pbin,1,10,10,245,29,1764,245,245,0.118367,58,1,0.0285079
./WORKING//matrices//dwt_2680.pbin,1,10,10,2680,30,25728,2680,2680,0.011194,789,1,0.00357003
./WORKING//matrices//dwt_307.pbin,1,10,10,307,30,2640.2,307,307,0.0977199,61,1,0.0273105
./WORKING//matrices//dwt_310.pbin,1,10,10,310,29,2480,310,310,0.0935484,11,1,0.0251947
./WORKING//matrices//dwt_346.pbin,1,10,10,346,30,3217.8,346,346,0.0867052,279,1,0.0261548
./WORKING//matrices//dwt_361.pbin,1,10,10,361,30,3068.5,361,361,0.0831025,14,1,0.0230471
./WORKING//matrices//dwt_419.pbin,1,10,10,419,30,3142.5,419,419,0.071599,226,1,0.0176006
./WORKING//matrices//dwt_492.pbin,1,10,10,492,30,2558.4,492,492,0.0609756,151,1,0.0104648
./WORKING//matrices//dwt_503.pbin,1,10,10,503,30,7293.5,503,503,0.0596421,222,1,0.0279075
./WORKING//matrices//dwt_512.pbin,1,10,10,512,30,3584,512,512,0.0585938,28,1,0.0134395
./WORKING//matrices//dwt_592.pbin,1,10,10,592,30,5150.4,592,592,0.0506757,259,1,0.0145022
./WORKING//matrices//dwt_59.pbin,1,10,10,59,29,295,59,59,0.491525,25,1,0.0788428
./WORKING//matrices//dwt_607.pbin,1,10,10,607,29,4795.3,607,607,0.0477759,147,1,0.0128566
./WORKING//matrices//dwt_66.pbin,1,10,10,66,30,316.8,66,66,0.454545,29,1,0.0683916
./WORKING//matrices//dwt_72.pbin,1,10,10,72,27,216,72,72,0.375,7,1,0.040493
./WORKING//matrices//dwt_758.pbin,1,10,10,758,29,6139.8,758,758,0.0382586,196,1,0.0105825
./WORKING//matrices//dwt_869.pbin,1,10,10,869,30,7125.8,869,869,0.0345224,46,1,0.009355
./WORKING//matrices//dwt_878.pbin,1,10,10,878,30,7375.2,878,878,0.0341686,22,1,0.0094846
./WORKING//matrices//dwt_87.pbin,1,10,10,87,30,556.8,87,87,0.344828,63,1,0.068618
./WORKING//matrices//dwt_918.pbin,1,10,10,918,30,7160.4,918,918,0.0326797,839,1,0.00843116
./WORKING//matrices//dwt_992.pbin,1,10,10,992,30,17260.8,992,992,0.0302419,513,1,0.0172468
./WORKING//matrices//eris1176.pbin,1,10,10,1176,30,25284,1176,1176,0.0255102,719,1,0.017344
./WORKING//matrices//ex10hs.pbin,1,10,10,2548,30,61916.4,6.38384e+09,2548,29498.8,117,1,5.14656e+09
./WORKING//matrices//ex10.pbin,1,10,10,2410,30,62419,4.25316e+09,2410,21968.4,112,1,6.38047e+09
./WORKING//matrices//ex12.pbin,1,10,10,3973,30,74295.1,103497,2781.1,0.281004,102,0,0.207496
./WORKING//matrices//ex13.pbin,1,10,10,2568,30,70876.8,5.10461e+11,2568,2.32217e+06,151,1,2.82888e+14
./WORKING//matrices//ex14.pbin,1,10,10,3251,30,59493.3,6.22728e+09,2600.8,22095.1,230,0,2.94186e+09
./WORKING//matrices//ex15.pbin,1,10,10,6867,30,94764.6,6.95628e+11,6867,442552,67,1,1.29158e+13
./WORKING//matrices//ex18.pbin,1,10,10,5773,30,74471.7,3.40051e+10,5773,30609.9,147,1,4.16188e+10
./WORKING//matrices//ex1.pbin,1,10,10,216,29,5140.8,4.62683,186.207,0.00333605,62,0,6.81086e-06
./WORKING//matrices//ex20.pbin,1,10,10,2203,30,66971.2,29.4647,1762.4,0.000227669,117,0,6.99209e-06
./WORKING//matrices//ex21.pbin,1,10,10,656,30,17056,27.2637,524.8,0.00237579,91,0,3.80905e-05
./WORKING//matrices//ex22.pbin,1,10,10,839,30,17786.8,631.117,643.233,0.0350833,45,0,0.00244036
./WORKING//matrices//ex24.pbin,1,10,10,2283,30,39724.2,18336.3,1902.5,0.126649,92,0,0.0912625
./WORKING//matrices//ex25.pbin,1,10,10,848,30,20521.6,32.2662,565.333,0.00201915,93,0,1.46052e-06
./WORKING//matrices//ex26.pbin,1,10,10,2163,30,107285,5229.5,1802.5,0.0402392,190,0,0.0132561
./WORKING//matrices//ex27.pbin,1,10,10,974,30,44219.6,13.2136,844.133,0.000482138,115,0,6.13998e-07
./WORKING//matrices//ex28.pbin,1,10,10,2603,30,71842.8,19762.5,2429.47,0.0937512,109,0,0.0618515
./WORKING//matrices//ex29.pbin,1,10,10,2870,30,22673,1205.02,2870,0.00438886,42,1,3.4958e-05
./WORKING//matrices//ex2.pbin,1,10,10,441,30,29414.7,1.24467e+09,441,191999,123,1,4.41132e+11
./WORKING//matrices//ex31.pbin,1,10,10,3909,30,77789.1,1770.42,3648.4,0.00372417,139,0,7.98649e-05
./WORKING//matrices//ex32.pbin,1,10,10,1159,30,11010.5,3792.64,888.567,0.110482,52,0,0.115799
./WORKING//matrices//ex33.pbin,1,10,10,1733,30,22875.6,3.3022e+11,1733,3.29858e+06,124,1,8.94002e+14
./WORKING//matrices//ex37.pbin,1,10,10,3565,30,56327,36583.2,3565,0.0863543,418,1,0.476391
./WORKING//matrices//ex3.pbin,1,10,10,1821,30,48074.4,3.40049e+09,1821,30764,128,1,9.14354e+09
./WORKING//matrices//ex4.pbin,1,10,10,1601,30,40025,256.486,1174.07,0.00409356,112,0,6.37094e-05
./WORKING//matrices//ex5.pbin,1,10,10,27,23,275.4,2.64348e+07,27,834021,20,5,1.49415e+11
./WORKING//matrices//ex6.pbin,1,10,10,1651,30,44246.8,34644.8,1430.87,0.439959,84,0,0.365907
./WORKING//matrices//ex8.pbin,1,10,10,3096,30,81424.8,3.23634e+09,3096,10129.2,126,1,2.15019e+10
./WORKING//matrices//ex9.pbin,1,10,10,3363,30,99881.1,7.08402e+11,3363,1.87909e+06,85,1,7.1197e+13
./WORKING//matrices//fd12.pbin,1,10,10,7500,30,29250,0,0,-nan,6929,0,301.346
./WORKING//matrices//fpga_dcop_01.pbin,1,10,10,1220,30,4514,236.607,813.333,0.00715354,803,0,5.42385e-05
./WORKING//matrices//fpga_dcop_02.pbin,1,10,10,1220,30,4514,236.655,813.333,0.00715499,803,0,5.42739e-05
./WORKING//matrices//fpga_dcop_03.pbin,1,10,10,1220,30,4514,236.665,813.333,0.00715527,803,0,5.42807e-05
./WORKING//matrices//fpga_dcop_04.pbin,1,10,10,1220,30,4514,236.799,813.333,0.00715934,803,0,5.43801e-05
./WORKING//matrices//fpga_dcop_05.pbin,1,10,10,1220,30,4514,236.82,813.333,0.00715996,803,0,5.43954e-05
./WORKING//matrices//fpga_dcop_06.pbin,1,10,10,1220,30,4514,236.755,813.333,0.007158,803,0,5.43476e-05
./WORKING//matrices//fpga_dcop_07.pbin,1,10,10,1220,30,4392,236.751,813.333,0.0071579,803,0,5.43449e-05
./WORKING//matrices//fpga_dcop_08.pbin,1,10,10,1220,30,4514,236.704,813.333,0.00715645,803,0,5.43097e-05
./WORKING//matrices//fpga_dcop_09.pbin,1,10,10,1220,30,4514,236.66,813.333,0.00715514,803,0,5.42776e-05
./WORKING//matrices//fpga_dcop_10.pbin,1,10,10,1220,30,4514,236.91,813.333,0.00716269,803,0,5.44652e-05
./WORKING//matrices//fpga_dcop_11.pbin,1,10,10,1220,30,4514,236.713,813.333,0.00715674,803,0,5.43168e-05
./WORKING//matrices//fpga_dcop_12.pbin,1,10,10,1220,30,4514,236.745,813.333,0.00715769,803,0,5.43399e-05
./WORKING//matrices//fpga_dcop_13.pbin,1,10,10,1220,30,4514,236.725,813.333,0.00715711,803,0,5.43258e-05
./WORKING//matrices//fpga_dcop_14.pbin,1,10,10,1220,30,4514,236.72,813.333,0.00715694,803,0,5.43216e-05
./WORKING//matrices//fpga_dcop_15.pbin,1,10,10,1220,30,4514,236.716,813.333,0.00715682,803,0,5.43188e-05
./WORKING//matrices//fpga_dcop_16.pbin,1,10,10,1220,30,4514,236.715,813.333,0.0071568,803,0,5.43184e-05
./WORKING//matrices//fpga_dcop_17.pbin,1,10,10,1220,30,4514,236.738,813.333,0.00715749,803,0,5.43352e-05
./WORKING//matrices//fpga_dcop_18.pbin,1,10,10,1220,30,4514,236.72,813.333,0.00715696,803,0,5.43222e-05
./WORKING//matrices//fpga_dcop_19.pbin,1,10,10,1220,30,4514,236.714,813.333,0.00715677,803,0,5.43176e-05
./WORKING//matrices//fpga_dcop_20.pbin,1,10,10,1220,30,4514,236.714,813.333,0.00715678,803,0,5.43177e-05
./WORKING//matrices//fpga_dcop_21.pbin,1,10,10,1220,30,4514,236.714,813.333,0.00715678,803,0,5.43176e-05
./WORKING//matrices//fpga_dcop_22.pbin,1,10,10,1220,30,4514,236.714,813.333,0.00715677,803,0,5.43176e-05
./WORKING//matrices//fpga_dcop_23.pbin,1,10,10,1220,29,7076,267.908,799.31,0.00796726,828,0,0.000179736
./WORKING//matrices//fpga_dcop_24.pbin,1,10,10,1220,29,7076,267.908,799.31,0.00796726,828,0,0.000179736
./WORKING//matrices//fpga_dcop_25.pbin,1,10,10,1220,29,7076,267.908,799.31,0.00796726,828,0,0.000179736
./WORKING//matrices//fpga_dcop_26.pbin,1,10,10,1220,29,7076,267.908,799.31,0.00796726,828,0,0.000179736
./WORKING//matrices//fpga_dcop_27.pbin,1,10,10,1220,29,7076,267.908,799.31,0.00796726,828,0,0.000179736
./WORKING//matrices//fpga_dcop_28.pbin,1,10,10,1220,29,7076,267.908,799.31,0.00796726,828,0,0.000179736
./WORKING//matrices//fpga_dcop_29.pbin,1,10,10,1220,29,7076,267.908,799.31,0.00796726,828,0,0.000179736
./WORKING//matrices//fpga_dcop_30.pbin,1,10,10,1220,29,7076,267.908,799.31,0.00796726,828,0,0.000179736
./WORKING//matrices//fpga_dcop_31.pbin,1,10,10,1220,29,7076,267.908,799.31,0.00796726,828,0,0.000179736
./WORKING//matrices//fpga_dcop_32.pbin,1,10,10,1220,29,7076,267.908,799.31,0.00796726,828,0,0.000179736
./WORKING//matrices//fpga_dcop_33.pbin,1,10,10,1220,29,7076,267.908,799.31,0.00796726,828,0,0.000179736
./WORKING//matrices//fpga_dcop_34.pbin,1,10,10,1220,29,7076,267.908,799.31,0.00796726,828,0,0.000179736
./WORKING//matrices//fpga_dcop_35.pbin,1,10,10,1220,29,7076,267.908,799.31,0.00796726,828,0,0.000179736
./WORKING//matrices//fpga_dcop_36.pbin,1,10,10,1220,29,7076,267.908,799.31,0.00796726,828,0,0.000179736
./WORKING//matrices//fpga_dcop_37.pbin,1,10,10,1220,29,7076,267.908,799.31,0.00796726,828,0,0.000179736
./WORKING//matrices//fpga_dcop_38.pbin,1,10,10,1220,29,7076,267.908,799.31,0.00796726,828,0,0.000179736
./WORKING//matrices//fpga_dcop_39.pbin,1,10,10,1220,29,7076,267.908,799.31,0.00796726,828,0,0.000179736
./WORKING//matrices//fpga_dcop_40.pbin,1,10,10,1220,29,7076,267.908,799.31,0.00796726,828,0,0.000179736
./WORKING//matrices//fpga_dcop_41.pbin,1,10,10,1220,29,7076,267.908,799.31,0.00796726,828,0,0.000179736
./WORKING//matrices//fpga_dcop_42.pbin,1,10,10,1220,29,7076,267.908,799.31,0.00796726,828,0,0.000179736
./WORKING//matrices//fpga_dcop_43.pbin,1,10,10,1220,29,7076,267.908,799.31,0.00796726,828,0,0.000179736
./WORKING//matrices//fpga_dcop_44.pbin,1,10,10,1220,29,7076,267.908,799.31,0.00796726,828,0,0.000179736
./WORKING//matrices//fpga_dcop_45.pbin,1,10,10,1220,29,7076,267.908,799.31,0.00796726,828,0,0.000179736
./WORKING//matrices//fpga_dcop_46.pbin,1,10,10,1220,29,7076,267.908,799.31,0.00796726,828,0,0.000179736
./WORKING//matrices//fpga_dcop_47.pbin,1,10,10,1220,29,7076,267.908,799.31,0.00796726,828,0,0.000179736
./WORKING//matrices//fpga_dcop_48.pbin,1,10,10,1220,29,7076,267.908,799.31,0.00796726,828,0,0.000179736
./WORKING//matrices//fpga_dcop_49.pbin,1,10,10,1220,29,7076,267.908,799.31,0.00796726,828,0,0.000179736
./WORKING//matrices//fpga_dcop_50.pbin,1,10,10,1220,29,7076,267.908,799.31,0.00796726,828,0,0.000179736
./WORKING//matrices//fpga_dcop_51.pbin,1,10,10,1220,29,7076,267.908,799.31,0.00796726,828,0,0.000179736
./WORKING//matrices//fpga_trans_01.pbin,1,10,10,1220,29,8784,272.245,799.31,0.00809622,1085,0,0.000183467
./WORKING//matrices//fs_541_1.pbin,1,10,10,541,29,4652.6,568.003,541,0.05628,378,1,0.00287626
./WORKING//matrices//fs_541_4.pbin,1,10,10,541,29,4652.6,1.01771e+06,541,100.838,378,1,763063
./WORKING//matrices//fs_760_1.pbin,1,10,10,760,30,5472,7.96832e+07,760,4138.67,740,1,1.42992e+07
./WORKING//matrices//fs_760_2.pbin,1,10,10,760,30,5472,556401,760,28.899,740,1,668.45
./WORKING//matrices//fs_760_3.pbin,1,10,10,760,30,5472,556401,760,28.8989,740,1,668.45
./WORKING//matrices//fv1.pbin,1,10,10,9604,30,86436,33711.5,9604,0.0109647,99,1,0.00141322
./WORKING//matrices//fv2.pbin,1,10,10,9801,30,85268.7,34402,9801,0.010744,100,1,0.00138091
./WORKING//matrices//fv3.pbin,1,10,10,9801,30,85268.7,29403,9801,0.00918274,100,1,0.00104209
./WORKING//matrices//G10.pbin,1,10,10,800,30,37760,0,0,-nan,792,0,0.0589359
./WORKING//matrices//G11.pbin,1,10,10,800,30,3200,0,0,-nan,792,0,0.00499374
./WORKING//matrices//G12.pbin,1,10,10,800,30,3200,0,0,-nan,784,0,0.00499875
./WORKING//matrices//G13.pbin,1,10,10,800,30,3200,0,0,-nan,768,0,0.00500125
./WORKING//matrices//G14.pbin,1,10,10,800,30,11920,0,0,-nan,793,0,0.0181269
./WORKING//matrices//G15.pbin,1,10,10,800,30,11600,0,0,-nan,798,0,0.0176782
./WORKING//matrices//G16.pbin,1,10,10,800,30,11600,0,0,-nan,792,0,0.0176444
./WORKING//matrices//G17.pbin,1,10,10,800,30,10160,0,0,-nan,793,0,0.0155715
./WORKING//matrices//G18.pbin,1,10,10,800,30,11920,0,0,-nan,793,0,0.0186043
./WORKING//matrices//G19.pbin,1,10,10,800,30,11600,0,0,-nan,798,0,0.0181344
./WORKING//matrices//G1.pbin,1,10,10,800,30,35760,0,0,-nan,798,0,0.0527827
./WORKING//matrices//G20.pbin,1,10,10,800,30,7040,0,0,-nan,792,0,0.0110053
./WORKING//matrices//G21.pbin,1,10,10,800,30,7120,0,0,-nan,793,0,0.0111259
./WORKING//matrices//G22.pbin,1,10,10,2000,30,34000,0,0,-nan,1986,0,0.00842826
./WORKING//matrices//G23.pbin,1,10,10,2000,30,34200,0,0,-nan,1984,0,0.00847906
./WORKING//matrices//G24.pbin,1,10,10,2000,30,41600,0,0,-nan,1961,0,0.0102945
./WORKING//matrices//G25.pbin,1,10,10,2000,30,42200,0,0,-nan,1976,0,0.0104389
./WORKING//matrices//G26.pbin,1,10,10,2000,30,40800,0,0,-nan,1991,0,0.0100987
./WORKING//matrices//G27.pbin,1,10,10,2000,30,34000,0,0,-nan,1986,0,0.0085011
./WORKING//matrices//G28.pbin,1,10,10,2000,30,40400,0,0,-nan,1985,0,0.010097
./WORKING//matrices//G29.pbin,1,10,10,2000,30,41600,0,0,-nan,1961,0,0.0103984
./WORKING//matrices//G2.pbin,1,10,10,800,30,39440,0,0,-nan,798,0,0.0578681
./WORKING//matrices//G30.pbin,1,10,10,2000,30,42200,0,0,-nan,1976,0,0.0105538
./WORKING//matrices//G31.pbin,1,10,10,2000,30,40800,0,0,-nan,1991,0,0.0102022
./WORKING//matrices//G32.pbin,1,10,10,2000,30,8000,0,0,-nan,1980,0,0.0019988
./WORKING//matrices//G33.pbin,1,10,10,2000,30,8000,0,0,-nan,1975,0,0.0020005
./WORKING//matrices//G34.pbin,1,10,10,2000,30,8000,0,0,-nan,1960,0,0.0020003
./WORKING//matrices//G35.pbin,1,10,10,2000,30,23200,0,0,-nan,1996,0,0.00575968
./WORKING//matrices//G36.pbin,1,10,10,2000,30,22200,0,0,-nan,1997,0,0.00551343
./WORKING//matrices//G37.pbin,1,10,10,2000,30,21200,0,0,-nan,1991,0,0.00526338
./WORKING//matrices//G38.pbin,1,10,10,2000,30,24200,0,0,-nan,1997,0,0.00597711
./WORKING//matrices//G39.pbin,1,10,10,2000,30,23200,0,0,-nan,1996,0,0.0057975
./WORKING//matrices//G3.pbin,1,10,10,800,30,36880,0,0,-nan,793,0,0.0542786
./WORKING//matrices//G40.pbin,1,10,10,2000,30,22200,0,0,-nan,1997,0,0.00555095
./WORKING//matrices//G41.pbin,1,10,10,2000,30,21200,0,0,-nan,1991,0,0.0053002
./WORKING//matrices//G42.pbin,1,10,10,2000,30,24200,0,0,-nan,1997,0,0.00604825
./WORKING//matrices//G43.pbin,1,10,10,1000,30,20500,0,0,-nan,991,0,0.0200834
./WORKING//matrices//G44.pbin,1,10,10,1000,30,16800,0,0,-nan,986,0,0.0165173
./WORKING//matrices//G45.pbin,1,10,10,1000,30,21800,0,0,-nan,997,0,0.0213255
./WORKING//matrices//G46.pbin,1,10,10,1000,30,21800,0,0,-nan,986,0,0.0213115
./WORKING//matrices//G47.pbin,1,10,10,1000,30,21200,0,0,-nan,992,0,0.0207636
./WORKING//matrices//G48.pbin,1,10,10,3000,30,12000,0,0,-nan,2940,0,0.001332
./WORKING//matrices//G49.pbin,1,10,10,3000,30,12000,0,0,-nan,2900,0,0.001332
./WORKING//matrices//G4.pbin,1,10,10,800,30,36720,0,0,-nan,796,0,0.0540427
./WORKING//matrices//G50.pbin,1,10,10,3000,30,12000,0,0,-nan,2880,0,0.001332
./WORKING//matrices//G51.pbin,1,10,10,1000,30,9200,0,0,-nan,998,0,0.00911291
./WORKING//matrices//G52.pbin,1,10,10,1000,30,11400,0,0,-nan,991,0,0.0112523
./WORKING//matrices//G53.pbin,1,10,10,1000,30,9300,0,0,-nan,996,0,0.00921552
./WORKING//matrices//G54.pbin,1,10,10,1000,30,10500,0,0,-nan,992,0,0.0103785
./WORKING//matrices//G55.pbin,1,10,10,5000,30,25500,0,0,-nan,4990,0,0.00101902
./WORKING//matrices//G56.pbin,1,10,10,5000,30,25500,0,0,-nan,4990,0,0.00101988
./WORKING//matrices//G57.pbin,1,10,10,5000,30,20000,0,0,-nan,4950,0,0.000799888
./WORKING//matrices//G58.pbin,1,10,10,5000,30,48000,0,0,-nan,4995,0,0.00191618
./WORKING//matrices//G59.pbin,1,10,10,5000,30,48000,0,0,-nan,4995,0,0.00192006
./WORKING//matrices//G5.pbin,1,10,10,800,30,40000,0,0,-nan,792,0,0.0586026
./WORKING//matrices//G60.pbin,1,10,10,7000,30,31500,0,0,-nan,6910,0,0.000642482
./WORKING//matrices//G61.pbin,1,10,10,7000,30,31500,0,0,-nan,6910,0,0.000642873
./WORKING//matrices//G62.pbin,1,10,10,7000,30,28000,0,0,-nan,6930,0,0.000571388
./WORKING//matrices//G63.pbin,1,10,10,7000,30,68600,0,0,-nan,6993,0,0.00139698
./WORKING//matrices//G64.pbin,1,10,10,7000,30,68600,0,0,-nan,6993,0,0.00139982
./WORKING//matrices//G65.pbin,1,10,10,8000,29,32000,0,0,-nan,7920,0,0.000499975
./WORKING//matrices//G66.pbin,1,10,10,9000,30,36000,0,0,-nan,8900,0,0.000444415
./WORKING//matrices//G67.pbin,1,10,10,10000,30,40000,0,0,-nan,9900,0,0.000400024
./WORKING//matrices//G6.pbin,1,10,10,800,29,38960,0,0,-nan,798,0,0.0608687
./WORKING//matrices//g7jac010.pbin,1,10,10,2880,30,19872,7.74009e+07,2880,279.951,2867,1,3.08779e+09
./WORKING//matrices//g7jac010sc.pbin,1,10,10,2880,30,19872,5498.52,2880,0.0198876,2867,1,0.374714
./WORKING//matrices//g7jac020.pbin,1,10,10,5850,30,48555,4.35505e+08,5850,381.77,5837,1,1.04785e+09
./WORKING//matrices//g7jac020sc.pbin,1,10,10,5850,30,48555,12000.1,5850,0.0105195,5837,1,0.6933
./WORKING//matrices//g7jac040.pbin,1,10,10,11790,30,88425,9281.58,11790,0.00200316,9759,1,3.11074e+07
./WORKING//matrices//g7jac040sc.pbin,1,10,10,11790,30,88425,29409.1,11790,0.0063471,9759,1,0.40971
./WORKING//matrices//G7.pbin,1,10,10,800,29,39920,0,0,-nan,798,0,0.0623659
./WORKING//matrices//G8.pbin,1,10,10,800,29,37840,0,0,-nan,793,0,0.0591231
./WORKING//matrices//G9.pbin,1,10,10,800,29,38960,0,0,-nan,796,0,0.0608938
./WORKING//matrices//gemat11.pbin,1,10,10,4929,30,27602.4,1160.47,492.9,0.0143297,4749,0,0.00418328
./WORKING//matrices//gemat12.pbin,1,10,10,4929,30,29574,1160.47,492.9,0.0143297,4749,0,0.00557
./WORKING//matrices//gent113.pbin,1,10,10,113,28,497.2,92.8214,92.8214,0.247788,101,0,0.0371049
./WORKING//matrices//gr_30_30.pbin,1,10,10,900,30,7560,7200,900,0.266667,31,1,0.0794194
./WORKING//matrices//gre_1107.pbin,1,10,10,1107,30,5424.3,355.565,1107,0.00870452,159,1,0.000271635
./WORKING//matrices//gre_115.pbin,1,10,10,115,28,414,57.4348,115,0.121601,39,1,0.00352996
./WORKING//matrices//gre_185.pbin,1,10,10,185,28,962,82.4581,151.964,0.0821255,29,1,0.00185133
./WORKING//matrices//gre_216a.pbin,1,10,10,216,30,820.8,82.8,201.6,0.0570437,13,0,0.00125754
./WORKING//matrices//gre_216b.pbin,1,10,10,216,30,820.8,44.7392,201.6,0.0308223,13,0,0.00436436
./WORKING//matrices//gre_343.pbin,1,10,10,343,29,1337.7,121.233,295.69,0.0346647,17,0,0.000759019
./WORKING//matrices//gre_512.pbin,1,10,10,512,30,2048,170.667,409.6,0.0244141,23,0,0.000485415
./WORKING//matrices//Hamrle1.pbin,1,10,10,32,26,86.4,3.75868,4.92308,0.620329,24,0,0.0593687
./WORKING//matrices//Harvard500.pbin,1,10,10,500,29,5850,0,0,-nan,210,0,0.021582
./WORKING//matrices//hor_131.pbin,1,10,10,434,29,4557,18.202,434,0.00280245,400,1,1.31187e-05
./WORKING//matrices//hydr1.pbin,1,10,10,5308,30,15924,0,0,-nan,4240,0,7.4493e+06
./WORKING//matrices//ibm32.pbin,1,10,10,32,26,115.2,32,32,0.8125,26,2,0.102016
./WORKING//matrices//impcol_a.pbin,1,10,10,207,30,724.5,31.6646,34.5,0.133016,137,0,18.0188
./WORKING//matrices//impcol_b.pbin,1,10,10,59,28,383.5,21.0717,23.1786,0.431439,43,0,0.0340826
./WORKING//matrices//impcol_c.pbin,1,10,10,137,28,411,550.446,68.5,1.64234,91,0,0.379286
./WORKING//matrices//impcol_d.pbin,1,10,10,425,29,1020,36.6379,43.9655,0.0568627,406,0,0.122119
./WORKING//matrices//init_adder1.pbin,1,10,10,1813,30,7977.2,2.26069,1752.57,2.13447e-05,1408,1,7.25473e-12
./WORKING//matrices//jagmesh1.pbin,1,10,10,936,30,5990.4,936,936,0.0320513,732,1,0.00679716
./WORKING//matrices//jagmesh2.pbin,1,10,10,1009,30,7063,1009,1009,0.0297324,974,1,0.00689627
./WORKING//matrices//jagmesh3.pbin,1,10,10,1089,30,7623,1089,1089,0.0275482,435,1,0.00639247
./WORKING//matrices//jagmesh4.pbin,1,10,10,1440,30,10080,1440,1440,0.0208333,1395,1,0.00484084
./WORKING//matrices//jagmesh5.pbin,1,10,10,1180,30,8024,1180,1180,0.0254237,71,1,0.0057341
./WORKING//matrices//jagmesh6.pbin,1,10,10,1377,30,8812.8,1377,1377,0.0217865,73,1,0.0046291
./WORKING//matrices//jagmesh7.pbin,1,10,10,1138,30,7510.8,1138,1138,0.026362,891,1,0.00577059
./WORKING//matrices//jagmesh8.pbin,1,10,10,1141,30,7302.4,1141,1141,0.0262927,224,1,0.0055819
./WORKING//matrices//jagmesh9.pbin,1,10,10,1349,30,8903.4,1349,1349,0.0222387,1024,1,0.00487184
./WORKING//matrices//jan99jac020.pbin,1,10,10,6774,30,28450.8,6741.2,6774,0.00440726,647,1,0.000210545
./WORKING//matrices//jan99jac020sc.pbin,1,10,10,6774,30,107707,13515.2,6774,0.00883595,1907,1,0.00904546
./WORKING//matrices//jan99jac040.pbin,1,10,10,13694,30,62992.4,5.13493e+07,13694,8.21476,692,1,188966
./WORKING//matrices//jan99jac040sc.pbin,1,10,10,13694,30,62992.4,21731.8,13694,0.00347662,692,1,0.000575018
./WORKING//matrices//jan99jac060.pbin,1,10,10,20614,30,59780.6,20395.4,20614,0.00143989,2247,1,6.83524e-05
./WORKING//matrices//jan99jac060sc.pbin,1,10,10,20614,30,59780.6,37441,20614,0.00264329,2247,1,0.000250628
./WORKING//matrices//jgl009.pbin,1,10,10,9,9,51.75,8,8,1,8,3,0.256944
./WORKING//matrices//jgl011.pbin,1,10,10,11,11,66,10,10,1,10,4,0.224242
./WORKING//matrices//jpwh_991.pbin,1,10,10,991,30,6243.3,2510.53,991,0.0766902,163,1,0.0380799
./WORKING//matrices//lap_25.pbin,1,10,10,25,24,205,25,25,0.96,6,4,0.225
./WORKING//matrices//lhr01.pbin,1,10,10,1477,30,16394.7,492.333,492.333,0.0203114,291,0,0.00156606
./WORKING//matrices//lhr04c.pbin,1,10,10,4101,30,75868.5,1368.37,1367,0.0073226,1431,0,0.000925101
./WORKING//matrices//lhr04.pbin,1,10,10,4101,30,75868.5,1367,1367,0.00731529,1431,0,0.000924753
./WORKING//matrices//lns_131.pbin,1,10,10,131,30,537.1,65.5273,91.7,0.163645,111,0,1.25655e+16
./WORKING//matrices//lns_3937.pbin,1,10,10,3937,30,25984.2,20728.8,2493.43,0.0633478,3202,0,1.16304e+16
./WORKING//matrices//lns_511.pbin,1,10,10,511,29,3117.1,199.019,334.793,0.0337362,421,0,1.34112e+12
./WORKING//matrices//lnsp_131.pbin,1,10,10,131,30,733.6,78.6277,122.267,0.147271,32,1,5.26524e+15
./WORKING//matrices//lnsp3937.pbin,1,10,10,3937,30,34251.9,14604.3,3674.53,0.0302855,87,0,8.27622e+15
./WORKING//matrices//lnsp_511.pbin,1,10,10,511,29,2708.3,273.95,458.138,0.0339354,57,0,1.65284e+16
./WORKING//matrices//lock1074.pbin,1,10,10,1074,30,52840.8,644.4,644.4,0.027933,593,0,0.0435536
./WORKING//matrices//lock2232.pbin,1,10,10,2232,30,93744,1488,1488,0.0134409,123,0,0.018454
./WORKING//matrices//lock3491.pbin,1,10,10,3491,30,164775,3491,3491,0.00859353,346,1,0.0133229
./WORKING//matrices//lock_700.pbin,1,10,10,700,30,17500,700,700,0.0428571,681,1,0.0343311
./WORKING//matrices//lop163.pbin,1,10,10,163,29,1010.6,86.7995,163,0.0947415,36,1,0.00244399
./WORKING//matrices//lshp1009.pbin,1,10,10,1009,30,6861.2,1009,1009,0.0297324,974,1,0.00670021
./WORKING//matrices//lshp1270.pbin,1,10,10,1270,30,8382,1270,1270,0.023622,1226,1,0.00517352
./WORKING//matrices//lshp1561.pbin,1,10,10,1561,30,10614.8,1561,1561,0.0192184,1507,1,0.00433984
./WORKING//matrices//lshp1882.pbin,1,10,10,1882,30,12797.6,1882,1882,0.0159405,1817,1,0.00360193
./WORKING//matrices//lshp2233.pbin,1,10,10,2233,30,15631,2233,2233,0.0134348,2155,1,0.00312637
./WORKING//matrices//lshp2614.pbin,1,10,10,2614,30,18298,2614,2614,0.0114767,2521,1,0.00267174
./WORKING//matrices//lshp_265.pbin,1,10,10,265,30,1802,265,265,0.113208,256,1,0.0250915
./WORKING//matrices//lshp3025.pbin,1,10,10,3025,30,21175,3025,3025,0.00991736,2915,1,0.00230946
./WORKING//matrices//lshp3466.pbin,1,10,10,3466,30,24262,3466,3466,0.00865551,3337,1,0.00201612
./WORKING//matrices//lshp_406.pbin,1,10,10,406,30,2760.8,406,406,0.0738916,392,1,0.0165067
./WORKING//matrices//lshp_577.pbin,1,10,10,577,30,3808.2,577,577,0.0519931,557,1,0.0113253
./WORKING//matrices//lshp_778.pbin,1,10,10,778,30,5134.8,778,778,0.0385604,751,1,0.00842109
./WORKING//matrices//lund_a.pbin,1,10,10,147,29,2499,9.74444e+09,147,1.30774e+07,23,1,9.20332e+13
./WORKING//matrices//lund_b.pbin,1,10,10,147,29,2499,151105,147,202.789,23,1,27378.1
./WORKING//matrices//lung1.pbin,1,10,10,1650,30,9405,37588.2,1650,0.414195,172,1,20.8514
./WORKING//matrices//m3plates.pbin,1,10,10,11107,30,5553.5,285.659,6293.97,0.000122588,0,0,1.73146e-07
./WORKING//matrices//mahindas.pbin,1,10,10,1258,30,3522.4,455.814,461.267,0.0235655,1241,0,0.135767
./WORKING//matrices//man_5976.pbin,1,10,10,5976,30,213343,5776.8,5776.8,0.00502008,431,0,0.00593328
./WORKING//matrices//mark3jac020.pbin,1,10,10,9129,30,47470.8,7580.49,8824.7,0.0028229,1349,0,1928.24
./WORKING//matrices//mark3jac020sc.pbin,1,10,10,9129,30,47470.8,1.99764e+07,8824.7,7.43902,1349,0,3.01104e+06
./WORKING//matrices//mark3jac040.pbin,1,10,10,18289,30,84129.4,16399.8,17679.4,0.00152161,1349,0,91.2077
./WORKING//matrices//mark3jac040sc.pbin,1,10,10,18289,30,111563,4.00212e+07,17679.4,3.71325,1349,0,0.0160565
./WORKING//matrices//mbeacxc.pbin,1,10,10,496,30,41812.8,13.7581,281.067,0.00296066,490,0,6.41814e-05
./WORKING//matrices//mbeaflw.pbin,1,10,10,496,30,41812.8,200880,281.067,43.2282,490,0,195.704
./WORKING//matrices//mbeause.pbin,1,10,10,496,30,34025.6,206000,264.533,47.1007,490,0,229.549
./WORKING//matrices//mcca.pbin,1,10,10,180,30,3060,1.98034e+20,180,1.83364e+17,37,1,1.03309e+32
./WORKING//matrices//meg1.pbin,1,10,10,2904,30,40365.6,0,0,-nan,2827,0,2962.24
./WORKING//matrices//meg4.pbin,1,10,10,5860,30,20510,2.66229e+07,3906.67,34.8877,5544,0,515.22
./WORKING//matrices//memplus.pbin,1,10,10,17758,30,78135.2,1423.34,17758,0.000135408,17751,1,1.40539e-07
./WORKING//matrices//mesh1e1.pbin,1,10,10,48,26,316.8,209.125,48,2.35992,47,1,0.613422
./WORKING//matrices//mesh1em1.pbin,1,10,10,48,26,316.8,402.999,48,4.54773,47,1,3.58437
./WORKING//matrices//mesh1em6.pbin,1,10,10,48,26,316.8,153.452,48,1.73167,47,1,0.31349
./WORKING//matrices//mesh2e1.pbin,1,10,10,306,29,2142,7002.76,306,2.16883,242,1,8.17689
./WORKING//matrices//mesh2em5.pbin,1,10,10,306,29,2142,2923.32,306,0.905382,242,1,1.30643
./WORKING//matrices//mesh3e1.pbin,1,10,10,289,28,1329.4,1166.32,289,0.391003,281,1,0.0742959
./WORKING//matrices//mesh3em5.pbin,1,10,10,289,28,1329.4,727.661,289,0.243945,281,1,0.0291168
./WORKING//matrices//mhda416.pbin,1,10,10,416,30,11939.2,69.479,249.6,0.0200741,28,0,0.381569
./WORKING//matrices//mhdb416.pbin,1,10,10,416,30,2121.6,142.022,416,0.0246201,18,1,1.86326e-06
./WORKING//matrices//msc00726.pbin,1,10,10,726,30,30056.4,1.52848e+11,726,8.69976e+06,188,1,6.83988e+14
./WORKING//matrices//msc01050.pbin,1,10,10,1050,30,28875,7.97505e+08,1050,21700.8,782,1,8.70846e+07
./WORKING//matrices//msc01440.pbin,1,10,10,1440,30,46656,2.20972e+08,1440,3196.93,1354,1,5.64151e+07
./WORKING//matrices//msc04515.pbin,1,10,10,4515,30,90300,3.18408e+12,4515,4.68586e+06,162,1,3.47793e+15
./WORKING//matrices//mult_dcop_01.pbin,1,10,10,25187,30,282094,1.01522,16791.3,7.20148e-08,24628,0,2.12794e-13
./WORKING//matrices//nasa1824.pbin,1,10,10,1824,30,43228.8,8.32763e+08,1824,7509.19,172,1,9.84789e+08
./WORKING//matrices//nasa2146.pbin,1,10,10,2146,30,71461.8,1.39991e+10,2146,91193.4,81,1,6.9393e+10
./WORKING//matrices//nasa2910.pbin,1,10,10,2910,30,158886,7.36898e+09,2910,26106.1,740,1,9.46236e+10
./WORKING//matrices//nasa4704.pbin,1,10,10,4704,30,103018,7.79193e+09,4704,10564.1,420,1,6.09203e+10
./WORKING//matrices//nnc1374.pbin,1,10,10,1374,30,8793.6,0.000943307,1007.6,2.04409e-08,97,0,78.1045
./WORKING//matrices//nnc261.pbin,1,10,10,261,29,1305,0.0300604,180,1.85558e-05,47,0,44.6526
./WORKING//matrices//nnc666.pbin,1,10,10,666,30,4062.6,0.0038184,444,3.87387e-07,99,0,103.088
./WORKING//matrices//nopoly.pbin,1,10,10,10774,30,71108.4,107740,10774,0.0278448,9372,1,0.0126984
./WORKING//matrices//nos1.pbin,1,10,10,237,29,995.4,8.08755e+10,237,4.17559e+07,4,1,1.927e+15
./WORKING//matrices//nos2.pbin,1,10,10,957,30,3828,2.00782e+13,957,6.5769e+08,4,1,1.94122e+18
./WORKING//matrices//nos3.pbin,1,10,10,960,30,16704,167752,960,5.46069,43,1,83.0675
./WORKING//matrices//nos4.pbin,1,10,10,100,27,580,29.9435,100,0.0808475,13,1,0.00175056
./WORKING//matrices//nos5.pbin,1,10,10,468,30,5007.6,8.4418e+07,468,11562.8,60,1,1.14595e+08
./WORKING//matrices//nos6.pbin,1,10,10,675,30,3172.5,6.7502e+07,675,4444.58,30,1,1.78043e+09
./WORKING//matrices//nos7.pbin,1,10,10,729,30,4738.5,4.86778e+07,729,2747.88,81,1,5.49726e+08
./WORKING//matrices//odepa400.pbin,1,10,10,400,30,1200,773.733,400,0.145075,399,1,0.0150376
./WORKING//matrices//odepb400.pbin,1,10,10,400,30,400,7.448e-12,386.667,1.44466e-15,0,0,8.77397e-31
./WORKING//matrices//olm1000.pbin,1,10,10,1000,30,4000,2.20233e+06,1000,66.0699,2,1,2.21416e+06
./WORKING//matrices//olm100.pbin,1,10,10,100,27,400,2337.39,100,6.31095,2,1,2397.8
./WORKING//matrices//olm500.pbin,1,10,10,500,30,2000,275735,500,33.0881,2,1,279261
./WORKING//matrices//orani678.pbin,1,10,10,2529,30,42487.2,843,843,0.0118624,2301,0,0.000518773
./WORKING//matrices//orsirr_1.pbin,1,10,10,1030,30,6592,3.50334e+07,1030,990.672,514,1,1.32041e+06
./WORKING//matrices//orsirr_2.pbin,1,10,10,886,30,5759,8.97487e+06,886,342.99,548,1,347576
./WORKING//matrices//orsreg_1.pbin,1,10,10,2205,30,13891.5,3.44023e+07,2205,212.272,441,1,121545
./WORKING//matrices//oscil_dcop_01.pbin,1,10,10,430,30,1548,2.15311e+07,358.333,4192.1,162,0,4.70863e+08
./WORKING//matrices//oscil_dcop_02.pbin,1,10,10,430,30,1548,2.1531e+07,358.333,4192.09,162,0,4.70863e+08
./WORKING//matrices//oscil_dcop_03.pbin,1,10,10,430,30,1548,2.1531e+07,358.333,4192.08,162,0,4.70863e+08
./WORKING//matrices//oscil_dcop_04.pbin,1,10,10,430,30,1548,2.15311e+07,358.333,4192.09,162,0,4.70863e+08
./WORKING//matrices//oscil_dcop_05.pbin,1,10,10,430,30,1548,2.15312e+07,358.333,4192.12,162,0,4.70863e+08
./WORKING//matrices//oscil_dcop_06.pbin,1,10,10,430,30,1548,2.15311e+07,358.333,4192.09,162,0,4.70863e+08
./WORKING//matrices//oscil_dcop_07.pbin,1,10,10,430,30,1548,2.1531e+07,358.333,4192.09,162,0,4.70863e+08
./WORKING//matrices//oscil_dcop_08.pbin,1,10,10,430,30,1548,2.1531e+07,358.333,4192.09,162,0,4.70863e+08
./WORKING//matrices//oscil_dcop_09.pbin,1,10,10,430,30,1548,2.1531e+07,358.333,4192.08,162,0,4.70863e+08
./WORKING//matrices//oscil_dcop_10.pbin,1,10,10,430,30,1548,2.1531e+07,358.333,4192.08,162,0,4.70863e+08
./WORKING//matrices//oscil_dcop_11.pbin,1,10,10,430,30,1548,2.1531e+07,358.333,4192.08,162,0,4.70863e+08
./WORKING//matrices//oscil_dcop_12.pbin,1,10,10,430,30,1548,2.1531e+07,358.333,4192.08,162,0,4.70863e+08
./WORKING//matrices//oscil_dcop_13.pbin,1,10,10,430,30,1548,2.1531e+07,358.333,4192.08,162,0,4.70863e+08
./WORKING//matrices//oscil_dcop_14.pbin,1,10,10,430,30,1548,2.1531e+07,358.333,4192.08,162,0,4.70863e+08
./WORKING//matrices//oscil_dcop_15.pbin,1,10,10,430,30,1548,2.1531e+07,358.333,4192.08,162,0,4.70863e+08
./WORKING//matrices//oscil_dcop_16.pbin,1,10,10,430,30,1548,2.1531e+07,358.333,4192.08,162,0,4.70863e+08
./WORKING//matrices//oscil_dcop_17.pbin,1,10,10,430,30,1548,2.1531e+07,358.333,4192.08,162,0,4.70863e+08
./WORKING//matrices//oscil_dcop_18.pbin,1,10,10,430,30,1548,2.1531e+07,358.333,4192.08,162,0,4.70863e+08
./WORKING//matrices//oscil_dcop_19.pbin,1,10,10,430,30,1548,2.1531e+07,358.333,4192.08,162,0,4.70863e+08
./WORKING//matrices//oscil_dcop_20.pbin,1,10,10,430,30,1548,2.1531e+07,358.333,4192.08,162,0,4.70863e+08
./WORKING//matrices//oscil_dcop_21.pbin,1,10,10,430,30,1548,2.1531e+07,358.333,4192.08,162,0,4.70863e+08
./WORKING//matrices//oscil_dcop_22.pbin,1,10,10,430,30,1548,2.1531e+07,358.333,4192.08,162,0,4.70863e+08
./WORKING//matrices//oscil_dcop_23.pbin,1,10,10,430,30,1548,2.1531e+07,358.333,4192.08,162,0,4.70863e+08
./WORKING//matrices//oscil_dcop_24.pbin,1,10,10,430,30,1548,2.1531e+07,358.333,4192.08,162,0,4.70863e+08
./WORKING//matrices//oscil_dcop_25.pbin,1,10,10,430,30,1548,2.1531e+07,358.333,4192.08,162,0,4.70863e+08
./WORKING//matrices//oscil_dcop_26.pbin,1,10,10,430,30,1548,2.1531e+07,358.333,4192.08,162,0,4.70863e+08
./WORKING//matrices//oscil_dcop_27.pbin,1,10,10,430,30,1548,2.1531e+07,358.333,4192.08,162,0,4.70863e+08
./WORKING//matrices//oscil_dcop_28.pbin,1,10,10,430,30,1548,2.1531e+07,358.333,4192.08,162,0,4.70863e+08
./WORKING//matrices//oscil_dcop_29.pbin,1,10,10,430,30,1548,2.1531e+07,358.333,4192.08,162,0,4.70863e+08
./WORKING//matrices//oscil_dcop_30.pbin,1,10,10,430,30,1548,2.1531e+07,358.333,4192.08,162,0,4.70863e+08
./WORKING//matrices//oscil_dcop_31.pbin,1,10,10,430,30,1548,2.1531e+07,358.333,4192.08,162,0,4.70863e+08
./WORKING//matrices//oscil_dcop_32.pbin,1,10,10,430,30,1548,2.1531e+07,358.333,4192.08,162,0,4.70863e+08
./WORKING//matrices//oscil_dcop_33.pbin,1,10,10,430,30,1548,2.1531e+07,358.333,4192.08,162,0,4.70863e+08
./WORKING//matrices//oscil_dcop_34.pbin,1,10,10,430,30,1548,2.1531e+07,358.333,4192.08,162,0,4.70863e+08
./WORKING//matrices//oscil_dcop_35.pbin,1,10,10,430,30,1548,2.1531e+07,358.333,4192.08,162,0,4.70863e+08
./WORKING//matrices//oscil_dcop_36.pbin,1,10,10,430,30,1548,2.1531e+07,358.333,4192.08,162,0,4.70863e+08
./WORKING//matrices//oscil_dcop_37.pbin,1,10,10,430,30,1548,2.1531e+07,358.333,4192.08,162,0,4.70863e+08
./WORKING//matrices//oscil_dcop_38.pbin,1,10,10,430,30,1548,2.1531e+07,358.333,4192.08,162,0,4.70863e+08
./WORKING//matrices//oscil_dcop_39.pbin,1,10,10,430,30,1548,2.1531e+07,358.333,4192.08,162,0,4.70863e+08
./WORKING//matrices//oscil_dcop_40.pbin,1,10,10,430,30,1548,2.1531e+07,358.333,4192.08,162,0,4.70863e+08
./WORKING//matrices//oscil_dcop_41.pbin,1,10,10,430,30,1548,2.1531e+07,358.333,4192.08,162,0,4.70863e+08
./WORKING//matrices//oscil_dcop_42.pbin,1,10,10,430,30,1548,2.1531e+07,358.333,4192.08,162,0,4.70863e+08
./WORKING//matrices//oscil_dcop_43.pbin,1,10,10,430,30,1548,2.1531e+07,358.333,4192.08,162,0,4.70863e+08
./WORKING//matrices//oscil_dcop_44.pbin,1,10,10,430,30,1548,2.1531e+07,358.333,4192.08,162,0,4.70863e+08
./WORKING//matrices//oscil_dcop_45.pbin,1,10,10,430,30,1548,2.1531e+07,358.333,4192.08,162,0,4.70863e+08
./WORKING//matrices//oscil_dcop_46.pbin,1,10,10,430,30,1548,2.1531e+07,358.333,4192.08,162,0,4.70863e+08
./WORKING//matrices//oscil_dcop_47.pbin,1,10,10,430,30,1548,2.1531e+07,358.333,4192.08,162,0,4.70863e+08
./WORKING//matrices//oscil_dcop_48.pbin,1,10,10,430,30,1548,2.1531e+07,358.333,4192.08,162,0,4.70863e+08
./WORKING//matrices//oscil_dcop_49.pbin,1,10,10,430,30,1548,2.1531e+07,358.333,4192.08,162,0,4.70863e+08
./WORKING//matrices//oscil_dcop_50.pbin,1,10,10,430,30,1548,2.1531e+07,358.333,4192.08,162,0,4.70863e+08
./WORKING//matrices//oscil_dcop_51.pbin,1,10,10,430,30,1548,2.1531e+07,358.333,4192.08,162,0,4.70863e+08
./WORKING//matrices//oscil_dcop_52.pbin,1,10,10,430,30,1548,2.1531e+07,358.333,4192.08,162,0,4.70863e+08
./WORKING//matrices//oscil_dcop_53.pbin,1,10,10,430,30,1548,2.1531e+07,358.333,4192.08,162,0,4.70863e+08
./WORKING//matrices//oscil_dcop_54.pbin,1,10,10,430,30,1548,2.1531e+07,358.333,4192.08,162,0,4.70863e+08
./WORKING//matrices//oscil_dcop_55.pbin,1,10,10,430,30,1548,2.1531e+07,358.333,4192.08,162,0,4.70863e+08
./WORKING//matrices//oscil_dcop_56.pbin,1,10,10,430,30,1290,7.24063e+06,358.333,1409.75,168,0,4.66434e+06
./WORKING//matrices//oscil_dcop_57.pbin,1,10,10,430,30,1290,7.24063e+06,358.333,1409.75,168,0,4.66434e+06
./WORKING//matrices//oscil_trans_01.pbin,1,10,10,430,30,1290,7.24739e+06,415.667,1216.44,168,0,4.66434e+06
./WORKING//matrices//pcrystk02.pbin,1,10,10,13965,30,955206,13965,13965,0.00214823,461,1,0.00487297
./WORKING//matrices//pcrystk03.pbin,1,10,10,24696,30,1.9337e+06,24696,24696,0.00121477,572,1,0.00316052
./WORKING//matrices//pde225.pbin,1,10,10,225,30,1125,973.584,225,0.576939,15,1,0.108344
./WORKING//matrices//pde2961.pbin,1,10,10,2961,29,14508.9,11740.5,2961,0.0388337,47,1,0.00589492
./WORKING//matrices//pde900.pbin,1,10,10,900,30,4500,4046.54,900,0.149872,30,1,0.0248888
./WORKING//matrices//pesa.pbin,1,10,10,11738,30,80992.2,118163,11738,0.0257284,9754,1,0.0138877
./WORKING//matrices//pivtol.pbin,1,10,10,102,28,306,8.2018,102,0.0220733,101,1,1.38838e-05
./WORKING//matrices//pkustk01.pbin,1,10,10,22044,30,985367,22044,22044,0.00136091,6275,1,0.00202333
./WORKING//matrices//pkustk02.pbin,1,10,10,10800,30,842400,10800,10800,0.00277778,5255,1,0.00716369
./WORKING//matrices//plat1919.pbin,1,10,10,1919,30,31087.8,520.667,1919,0.00424162,1297,1,6.73924e-05
./WORKING//matrices//plat362.pbin,1,10,10,362,30,5936.8,61.9301,362,0.0141777,249,1,0.00022068
./WORKING//matrices//plsk1919.pbin,1,10,10,1919,30,9211.2,0,0,-nan,1296,0,0.000123614
./WORKING//matrices//plskz362.pbin,1,10,10,362,30,1701.4,0,0,-nan,248,0,0.000593578
./WORKING//matrices//poisson2D.pbin,1,10,10,367,30,2385.5,191.64,367,0.042685,348,1,0.000857423
./WORKING//matrices//poli_large.pbin,1,10,10,15575,30,32707.5,15575,15575,0.00192616,15446,1,0.00010225
./WORKING//matrices//poli.pbin,1,10,10,4008,30,8016,4008,4008,0.00748503,422,1,0.000381811
./WORKING//matrices//pores_1.pbin,1,10,10,30,24,198,7.1282e+07,30,1.90085e+06,11,4,7.87906e+11
./WORKING//matrices//pores_2.pbin,1,10,10,1224,30,8568,1.57926e+09,1224,31623.7,265,1,2.30196e+10
./WORKING//matrices//pores_3.pbin,1,10,10,532,30,2979.2,2.07716e+06,532,220.175,77,1,950545
./WORKING//matrices//problem1.pbin,1,10,10,415,29,2614.5,1253.68,415,0.2111,283,1,0.0345895
./WORKING//matrices//radfr1.pbin,1,10,10,1048,29,12995.2,536.627,397.517,0.0373554,948,0,0.0158402
./WORKING//matrices//raefsky5.pbin,1,10,10,6316,30,166742,3.1718e+11,6316,238530,323,1,0.00224436
./WORKING//matrices//raefsky6.pbin,1,10,10,3402,30,163636,4.34962e+16,3402,1.12747e+11,277,1,1.44741e+17
./WORKING//matrices//rajat01.pbin,1,10,10,6833,30,42364.6,4555.33,4555.33,0.00439046,6826,0,0.000905052
./WORKING//matrices//rajat02.pbin,1,10,10,1960,30,11172,1306.67,1306.67,0.0153061,1949,0,0.0028979
./WORKING//matrices//rajat03.pbin,1,10,10,7602,30,29647.8,48146.1,5068,0.0374902,7593,0,0.0342061
./WORKING//matrices//rajat04.pbin,1,10,10,1041,29,8328,825086,646.138,35.5731,1012,0,5.77938
./WORKING//matrices//rajat05.pbin,1,10,10,301,29,1113.7,192.366,269.862,0.068678,298,1,0.0104755
./WORKING//matrices//rajat06.pbin,1,10,10,10922,30,43688,7281.33,7281.33,0.00274675,10913,0,0.000366124
./WORKING//matrices//rajat07.pbin,1,10,10,14842,30,56399.6,9894.67,9894.67,0.00202129,14833,0,0.000255978
./WORKING//matrices//rajat08.pbin,1,10,10,19362,30,77448,12908,12908,0.00154943,19353,0,0.000206556
./WORKING//matrices//rajat11.pbin,1,10,10,135,29,729,42.1845,121.034,0.0748701,133,0,0.000247812
./WORKING//matrices//rajat12.pbin,1,10,10,1879,30,7140.2,51913.8,1315.3,0.630162,1877,1,0.00218188
./WORKING//matrices//rajat13.pbin,1,10,10,7598,30,48627.2,2.2844e+08,6078.4,148.39,7594,1,0.105996
./WORKING//matrices//rajat14.pbin,1,10,10,180,30,1206,420770,126,556.574,177,1,464.721
./WORKING//matrices//rbsa480.pbin,1,10,10,480,30,18528,5728,128,2.79688,477,0,254.111
./WORKING//matrices//rbsb480.pbin,1,10,10,480,30,18624,8832,144,3.83333,477,0,262.473
./WORKING//matrices//rdb2048.pbin,1,10,10,2048,30,12288,54832.1,2048,0.392189,64,1,0.589559
./WORKING//matrices//rdb5000.pbin,1,10,10,5000,30,29000,319339,5000,0.383207,100,1,1.25982
./WORKING//matrices//rdb968.pbin,1,10,10,968,30,5808,12617.7,968,0.403971,44,1,0.352494
./WORKING//matrices//rdist1.pbin,1,10,10,4134,30,87227.4,522.925,1515.8,0.0025035,3934,0,0.000972722
./WORKING//matrices//rdist2.pbin,1,10,10,3198,30,53726.4,415.982,1385.8,0.0028159,2220,0,0.00291076
./WORKING//matrices//rdist3a.pbin,1,10,10,2398,30,62827.6,258.214,1119.07,0.00288666,644,0,19.6805
./WORKING//matrices//rgg010.pbin,1,10,10,10,10,70,10,10,1,9,4,0.153333
./WORKING//matrices//rw136.pbin,1,10,10,136,30,462.4,0,0,-nan,15,0,0.00229912
./WORKING//matrices//rw496.pbin,1,10,10,496,30,1884.8,0,0,-nan,30,0,0.000743203
./WORKING//matrices//saylr3.pbin,1,10,10,1000,30,2400,888.938,1000,0.0266681,100,1,0.00245263
./WORKING//matrices//saylr4.pbin,1,10,10,3564,30,22809.6,2.05515e+07,3564,48.5388,198,1,16150.6
./WORKING//matrices//sherman1.pbin,1,10,10,1000,30,2400,922.272,1000,0.0276681,100,1,0.00245263
./WORKING//matrices//sherman2.pbin,1,10,10,1080,30,20412,1.27112e+09,1080,32693.5,221,1,9.83833e+12
./WORKING//matrices//sherman4.pbin,1,10,10,1104,30,4416,5539.2,1104,0.136342,368,1,0.341048
./WORKING//matrices//sherman5.pbin,1,10,10,3312,30,20203.2,82916.7,3312,0.226769,1106,1,10.6519
./WORKING//matrices//shermanACa.pbin,1,10,10,3432,30,16473.6,564.083,3432,0.00143671,2966,1,0.00776318
./WORKING//matrices//shermanACb.pbin,1,10,10,18510,30,140676,8651.88,18510,0.000757563,7822,1,3.00115e-05
./WORKING//matrices//shermanACd.pbin,1,10,10,6136,30,42952,2191.93,6136,0.00174653,5748,1,0.00191804
./WORKING//matrices//shl_0.pbin,1,10,10,663,30,1591.2,110.5,110.5,0.0452489,534,0,13.7537
./WORKING//matrices//shl_200.pbin,1,10,10,663,30,1657.5,110.5,110.5,0.0452489,538,0,43.1137
./WORKING//matrices//shl_400.pbin,1,10,10,663,30,1657.5,66.3,66.3,0.0452489,538,0,40.7584
./WORKING//matrices//shuttle_eddy.pbin,1,10,10,10429,30,90732.3,10429,10429,0.00287659,8609,1,0.000833589
./WORKING//matrices//shyy41.pbin,1,10,10,4720,30,20768,60439.4,2674.67,0.143625,40,0,0.463406
./WORKING//matrices//sinc12.pbin,1,10,10,7500,30,272250,0,0,-nan,3537,0,9.02801e+06
./WORKING//matrices//skirt.pbin,1,10,10,12598,30,234323,12598,12598,0.00238133,624,1,0.00147404
./WORKING//matrices//sphere2.pbin,1,10,10,66,27,448.8,66,66,0.409091,15,1,0.0937529
./WORKING//matrices//sphere3.pbin,1,10,10,258,29,1754.4,258,258,0.112403,45,1,0.0257563
./WORKING//matrices//sstmodel.pbin,1,10,10,3345,30,22077,3345,3345,0.00896861,60,1,0.00196882
./WORKING//matrices//steam1.pbin,1,10,10,240,29,2184,5.76376e+08,240,290189,139,1,2.85438e+11
./WORKING//matrices//steam2.pbin,1,10,10,600,30,6780,6.42482e+11,600,5.35402e+07,330,1,6.95812e+15
./WORKING//matrices//steam3.pbin,1,10,10,80,27,368,6.01094e+10,80,2.53587e+08,40,1,1.84923e+14
./WORKING//matrices//str_0.pbin,1,10,10,363,30,2867.7,12.1,12.1,0.0826446,201,0,0.00899728
./WORKING//matrices//str_200.pbin,1,10,10,363,30,3738.9,12.1,12.1,0.0826446,295,0,0.010899
./WORKING//matrices//str_400.pbin,1,10,10,363,30,3448.5,12.1,12.1,0.0826446,295,0,0.00892707
./WORKING//matrices//str_600.pbin,1,10,10,363,30,2323.2,12.1,12.1,0.0826446,295,0,0.0119986
./WORKING//matrices//struct4.pbin,1,10,10,4350,30,235770,4350,4350,0.00689655,548,1,0.012283
./WORKING//matrices//swang1.pbin,1,10,10,3169,30,21232.3,34.1886,3169,0.000102131,2576,1,5.95075e-08
./WORKING//matrices//swang2.pbin,1,10,10,3169,30,21232.3,38.4251,3169,0.000114787,2576,1,6.94509e-08
./WORKING//matrices//tandem_vtx.pbin,1,10,10,18454,30,245438,18454,18454,0.00162566,18411,1,0.000720208
./WORKING//matrices//thermal.pbin,1,10,10,3456,30,70502.4,2014.59,3456,0.00506013,2297,1,0.0001308
./WORKING//matrices//tub100.pbin,1,10,10,100,29,400,96683.9,100,280.383,2,1,13960
./WORKING//matrices//utm1700b.pbin,1,10,10,1700,30,24480,1181.42,1700,0.0122638,171,1,0.000588505
./WORKING//matrices//utm300.pbin,1,10,10,300,30,2790,198.192,300,0.066064,74,1,0.00334208
./WORKING//matrices//utm5940.pbin,1,10,10,5940,30,96228,4237.9,5940,0.00360329,334,1,0.000168375
./WORKING//matrices//wang1.pbin,1,10,10,2903,30,20030.7,552.036,2903,0.00196514,224,1,1.73902e-05
./WORKING//matrices//wang2.pbin,1,10,10,2903,30,20030.7,529.246,2903,0.00188402,224,1,1.22838e-05
./WORKING//matrices//watt_1.pbin,1,10,10,1856,30,11321.6,1299.2,1856,0.0113147,64,1,5.38793e-05
./WORKING//matrices//watt_2.pbin,1,10,10,1856,30,11321.6,1237.33,1856,0.0107759,64,1,5.38793e-05
./WORKING//matrices//west0067.pbin,1,10,10,67,30,281.4,0.197857,2.23333,0.0396683,59,0,0.0590901
./WORKING//matrices//west0132.pbin,1,10,10,132,28,290.4,1.61293,9.42857,0.0362871,34,0,820.282
./WORKING//matrices//west0156.pbin,1,10,10,156,30,296.4,0,0,-nan,147,0,7.23432
./WORKING//matrices//west0167.pbin,1,10,10,167,28,584.5,170.122,23.8571,1.1956,158,0,89.8002
./WORKING//matrices//west0479.pbin,1,10,10,479,30,1628.6,0,0,-nan,266,0,4.44636
./WORKING//matrices//west0497.pbin,1,10,10,497,30,1192.8,113802,33.1333,207.324,88,0,36.6159
./WORKING//matrices//west0655.pbin,1,10,10,655,30,5305.5,0,0,-nan,564,0,9.57098
./WORKING//matrices//west0989.pbin,1,10,10,989,29,2967,39.8152,68.2069,0.0171168,218,0,1660.18
./WORKING//matrices//west1505.pbin,1,10,10,1505,30,4966.5,58.5688,100.333,0.011636,614,0,0.00312956
./WORKING//matrices//west2021.pbin,1,10,10,2021,30,5052.5,81.137,134.733,0.00893921,589,0,0.00808234
./WORKING//matrices//will199.pbin,1,10,10,199,30,537.3,53.0667,53.0667,0.150754,165,0,0.0134359
./WORKING//matrices//will57.pbin,1,10,10,57,27,313.5,57,57,0.473684,44,1,0.0871554
./WORKING//matrices//young3c.pbin,1,10,10,841,30,3952.7,158446,841,6.72062,29,1,37.2236
./WORKING//matrices//zenios.pbin,1,10,10,2873,29,1723.8,0,0,-nan,624,0,2.38707e-05
