Matrix Name, Comm Size , Edge, Interior ,Dimension,npoints,nnz,AbsoluteTrace,DiagonalNonZeros,DiagonalAverage,lowerBandwidth,MinNonZeroPerRow,ColumnVariance
./WORKING//matrices//494_bus.pbin,1,10,500,494,494,1667.88,223750,494,452.935,428,2,13700.2
./WORKING//matrices//662_bus.pbin,1,10,500,662,510,2442.78,72766.3,662,84.6807,335,1,125.518
./WORKING//matrices//685_bus.pbin,1,10,500,685,511,3198.95,202288,685,220.298,550,1,1407.24
./WORKING//matrices//adder_dcop_01.pbin,1,10,500,1813,517,9278.93,0.299251,1805.99,4.72514e-05,1763,1,2.20631e-06
./WORKING//matrices//adder_dcop_02.pbin,1,10,500,1813,517,9242.67,3.47718,1805.99,0.000549042,1763,1,2.20922e-06
./WORKING//matrices//adder_dcop_03.pbin,1,10,500,1813,517,8731.41,33.2224,1805.99,0.00524578,1763,1,3.43034e-05
./WORKING//matrices//adder_dcop_04.pbin,1,10,500,1813,517,8934.46,13.6325,1805.99,0.00215256,1763,1,4.38371e-06
./WORKING//matrices//adder_dcop_05.pbin,1,10,500,1813,517,9028.74,20.2614,1805.99,0.00319924,1763,1,2.60941e-06
./WORKING//matrices//adder_dcop_06.pbin,1,10,500,1813,517,9137.52,11.6593,1805.99,0.00184099,1763,1,2.26534e-06
./WORKING//matrices//adder_dcop_07.pbin,1,10,500,1813,517,9162.9,16.7891,1805.99,0.00265097,1763,1,2.22135e-06
./WORKING//matrices//adder_dcop_08.pbin,1,10,500,1813,517,9235.42,10.9468,1805.99,0.00172849,1763,1,2.21519e-06
./WORKING//matrices//adder_dcop_09.pbin,1,10,500,1813,517,9177.41,55.0745,1805.99,0.00869619,1763,1,2.21517e-06
./WORKING//matrices//adder_dcop_10.pbin,1,10,500,1813,517,9217.29,11.381,1805.99,0.00179705,1763,1,2.21818e-06
./WORKING//matrices//adder_dcop_11.pbin,1,10,500,1813,517,9260.8,8.27032,1805.99,0.00130587,1763,1,2.22234e-06
./WORKING//matrices//adder_dcop_12.pbin,1,10,500,1813,517,9275.31,7.25524,1805.99,0.00114559,1763,1,2.21775e-06
./WORKING//matrices//adder_dcop_13.pbin,1,10,500,1813,517,9271.68,6.77284,1805.99,0.00106942,1763,1,2.2171e-06
./WORKING//matrices//adder_dcop_14.pbin,1,10,500,1813,517,9271.68,7.06308,1805.99,0.00111525,1763,1,2.21616e-06
./WORKING//matrices//adder_dcop_15.pbin,1,10,500,1813,517,9260.8,6.83857,1805.99,0.0010798,1763,1,2.22018e-06
./WORKING//matrices//adder_dcop_16.pbin,1,10,500,1813,517,9278.93,6.44747,1805.99,0.00101805,1763,1,2.21699e-06
./WORKING//matrices//adder_dcop_17.pbin,1,10,500,1813,517,9271.68,6.27573,1805.99,0.000990929,1763,1,2.21605e-06
./WORKING//matrices//adder_dcop_18.pbin,1,10,500,1813,517,9278.93,6.18095,1805.99,0.000975964,1763,1,2.21583e-06
./WORKING//matrices//adder_dcop_19.pbin,1,10,500,1813,514,9739.44,5.8968,1795.36,0.00093117,1685,0,5.52452e-06
./WORKING//matrices//adder_dcop_20.pbin,1,10,500,1813,514,9743.06,5.73999,1795.36,0.000906409,1685,0,5.52403e-06
./WORKING//matrices//adder_dcop_21.pbin,1,10,500,1813,514,9743.06,5.40418,1795.36,0.000853381,1685,0,5.52359e-06
./WORKING//matrices//adder_dcop_22.pbin,1,10,500,1813,514,9743.06,5.46744,1795.36,0.00086337,1685,0,5.52386e-06
./WORKING//matrices//adder_dcop_23.pbin,1,10,500,1813,514,9743.06,5.48639,1795.36,0.000866362,1685,0,5.52389e-06
./WORKING//matrices//adder_dcop_24.pbin,1,10,500,1813,514,9743.06,5.51446,1795.36,0.000870795,1685,0,5.52389e-06
./WORKING//matrices//adder_dcop_25.pbin,1,10,500,1813,514,9743.06,5.52465,1795.36,0.000872405,1685,0,5.52395e-06
./WORKING//matrices//adder_dcop_26.pbin,1,10,500,1813,514,9743.06,5.49632,1795.36,0.00086793,1685,0,5.52388e-06
./WORKING//matrices//adder_dcop_27.pbin,1,10,500,1813,514,9743.06,5.4748,1795.36,0.000864531,1685,0,5.52384e-06
./WORKING//matrices//adder_dcop_28.pbin,1,10,500,1813,514,9743.06,5.47486,1795.36,0.000864541,1685,0,5.52385e-06
./WORKING//matrices//adder_dcop_29.pbin,1,10,500,1813,514,9743.06,5.46879,1795.36,0.000863583,1685,0,5.52382e-06
./WORKING//matrices//adder_dcop_30.pbin,1,10,500,1813,514,9743.06,5.47198,1795.36,0.000864087,1685,0,5.52384e-06
./WORKING//matrices//adder_dcop_31.pbin,1,10,500,1813,514,9743.06,5.46545,1795.36,0.000863055,1685,0,5.52381e-06
./WORKING//matrices//adder_dcop_32.pbin,1,10,500,1813,514,9743.06,5.51409,1795.36,0.000870737,1685,0,5.52409e-06
./WORKING//matrices//adder_dcop_33.pbin,1,10,500,1813,514,9728.56,5.47599,1795.36,0.00086472,1685,0,5.52387e-06
./WORKING//matrices//adder_dcop_34.pbin,1,10,500,1813,514,9743.06,5.50467,1795.36,0.000869248,1685,0,5.52406e-06
./WORKING//matrices//adder_dcop_35.pbin,1,10,500,1813,514,9743.06,5.47889,1795.36,0.000865178,1685,0,5.5239e-06
./WORKING//matrices//adder_dcop_36.pbin,1,10,500,1813,514,9743.06,5.65901,1795.36,0.000893621,1685,0,5.52531e-06
./WORKING//matrices//adder_dcop_37.pbin,1,10,500,1813,514,9743.06,5.50165,1795.36,0.000868772,1685,0,5.52387e-06
./WORKING//matrices//adder_dcop_38.pbin,1,10,500,1813,514,9743.06,5.47132,1795.36,0.000863983,1685,0,5.52382e-06
./WORKING//matrices//adder_dcop_39.pbin,1,10,500,1813,514,9743.06,5.46504,1795.36,0.000862991,1685,0,5.52379e-06
./WORKING//matrices//adder_dcop_40.pbin,1,10,500,1813,514,9743.06,5.47401,1795.36,0.000864408,1685,0,5.52383e-06
./WORKING//matrices//adder_dcop_41.pbin,1,10,500,1813,518,8677.02,5.37198,1781.5,0.00086155,1763,0,1.10392e-05
./WORKING//matrices//adder_dcop_42.pbin,1,10,500,1813,518,8677.02,5.3644,1781.5,0.000860335,1763,0,1.10391e-05
./WORKING//matrices//adder_dcop_43.pbin,1,10,500,1813,518,8677.02,5.37398,1781.5,0.000861871,1763,0,1.10392e-05
./WORKING//matrices//adder_dcop_44.pbin,1,10,500,1813,518,8677.02,5.36614,1781.5,0.000860613,1763,0,1.10391e-05
./WORKING//matrices//adder_dcop_45.pbin,1,10,500,1813,518,8677.02,5.37809,1781.5,0.00086253,1763,0,1.10392e-05
./WORKING//matrices//adder_dcop_46.pbin,1,10,500,1813,518,8677.02,5.36904,1781.5,0.000861078,1763,0,1.10391e-05
./WORKING//matrices//adder_dcop_47.pbin,1,10,500,1813,518,8677.02,5.3542,1781.5,0.000858699,1763,0,1.10391e-05
./WORKING//matrices//adder_dcop_48.pbin,1,10,500,1813,518,8677.02,5.32285,1781.5,0.000853671,1763,0,1.1039e-05
./WORKING//matrices//adder_dcop_49.pbin,1,10,500,1813,518,8677.02,5.33441,1781.5,0.000855525,1763,0,1.1039e-05
./WORKING//matrices//adder_dcop_50.pbin,1,10,500,1813,518,8677.02,5.32135,1781.5,0.00085343,1763,0,1.1039e-05
./WORKING//matrices//adder_dcop_51.pbin,1,10,500,1813,518,8677.02,5.30892,1781.5,0.000851436,1763,0,1.1039e-05
./WORKING//matrices//adder_dcop_52.pbin,1,10,500,1813,518,8677.02,5.2799,1781.5,0.000846783,1763,0,1.1039e-05
./WORKING//matrices//adder_dcop_53.pbin,1,10,500,1813,518,8677.02,5.27824,1781.5,0.000846517,1763,0,1.1039e-05
./WORKING//matrices//adder_dcop_54.pbin,1,10,500,1813,518,8677.02,5.28203,1781.5,0.000847124,1763,0,1.1039e-05
./WORKING//matrices//adder_dcop_55.pbin,1,10,500,1813,518,8677.02,5.27999,1781.5,0.000846797,1763,0,1.1039e-05
./WORKING//matrices//adder_dcop_56.pbin,1,10,500,1813,518,8677.02,5.27824,1781.5,0.000846516,1763,0,1.1039e-05
./WORKING//matrices//adder_dcop_57.pbin,1,10,500,1813,518,8677.02,5.27774,1781.5,0.000846436,1763,0,1.1039e-05
./WORKING//matrices//adder_dcop_58.pbin,1,10,500,1813,518,8677.02,5.27754,1781.5,0.000846404,1763,0,1.1039e-05
./WORKING//matrices//adder_dcop_59.pbin,1,10,500,1813,518,8677.02,5.27746,1781.5,0.000846391,1763,0,1.1039e-05
./WORKING//matrices//adder_dcop_60.pbin,1,10,500,1813,518,8677.02,5.27743,1781.5,0.000846386,1763,0,1.1039e-05
./WORKING//matrices//adder_dcop_61.pbin,1,10,500,1813,518,8677.02,5.27742,1781.5,0.000846384,1763,0,1.1039e-05
./WORKING//matrices//adder_dcop_62.pbin,1,10,500,1813,519,9336.95,5.15942,1802.52,0.000819389,1685,0,4.41986e-06
./WORKING//matrices//adder_dcop_63.pbin,1,10,500,1813,519,9336.95,5.15942,1802.52,0.000819389,1685,0,4.41986e-06
./WORKING//matrices//adder_dcop_64.pbin,1,10,500,1813,519,9336.95,5.15942,1802.52,0.000819389,1685,0,4.41986e-06
./WORKING//matrices//adder_dcop_65.pbin,1,10,500,1813,519,9336.95,5.15942,1802.52,0.000819389,1685,0,4.41986e-06
./WORKING//matrices//adder_dcop_66.pbin,1,10,500,1813,519,9336.95,5.15942,1802.52,0.000819389,1685,0,4.41986e-06
./WORKING//matrices//adder_dcop_67.pbin,1,10,500,1813,519,9336.95,5.15942,1802.52,0.000819389,1685,0,4.41986e-06
./WORKING//matrices//adder_dcop_68.pbin,1,10,500,1813,519,9336.95,5.15942,1802.52,0.000819389,1685,0,4.41986e-06
./WORKING//matrices//adder_dcop_69.pbin,1,10,500,1813,519,9336.95,5.15942,1802.52,0.000819389,1685,0,4.41986e-06
./WORKING//matrices//adder_trans_01.pbin,1,10,500,1814,516,15107,62.206,1789.39,0.0098887,1802,0,1.35646e-05
./WORKING//matrices//adder_trans_02.pbin,1,10,500,1814,516,15107,62.206,1789.39,0.0098887,1802,0,1.35646e-05
./WORKING//matrices//aft01.pbin,1,10,500,8205,520,128901,99965.5,8205,0.772141,154,1,0.190093
./WORKING//matrices//Alemdar.pbin,1,10,500,6245,519,42366.1,6245,6245,0.0831065,5871,1,0.0751087
./WORKING//matrices//arc130.pbin,1,10,500,130,130,913.12,139.318,130,1.07168,125,1,1.45056e+07
./WORKING//matrices//ash292.pbin,1,10,500,292,292,2223.07,292,292,1,24,4,0.0254455
./WORKING//matrices//ash85.pbin,1,10,500,85,85,531.25,85,85,1,39,3,0.0686695
./WORKING//matrices//b1_ss.pbin,1,10,500,7,7,14,6,6,1,6,2,0.241845
./WORKING//matrices//b2_ss.pbin,1,10,500,1089,515,3900.8,2.11456,2.11456,0.472911,929,0,527476
./WORKING//matrices//barth4.pbin,1,10,500,6019,518,41350.5,6019,6019,0.0860608,3121,1,0.00114026
./WORKING//matrices//barth5.pbin,1,10,500,15606,520,107213,15606,15606,0.0333205,14595,1,0.000440048
./WORKING//matrices//barth.pbin,1,10,500,6691,520,45860.1,6691,6691,0.0777163,6523,1,0.00102343
./WORKING//matrices//bayer04.pbin,1,10,500,20545,520,87275.2,0,0,-nan,17112,0,2.18437e+10
./WORKING//matrices//bayer05.pbin,1,10,500,3268,517,21438.1,0,0,-nan,3008,0,9.98418e+17
./WORKING//matrices//bayer06.pbin,1,10,500,3008,520,21904.3,0,0,-nan,2739,0,2.17276e+06
./WORKING//matrices//bayer07.pbin,1,10,500,3268,517,21732.2,0,0,-nan,3008,0,9.98418e+17
./WORKING//matrices//bayer08.pbin,1,10,500,3008,520,21832.1,0,0,-nan,2739,0,2.48174e+08
./WORKING//matrices//bayer09.pbin,1,10,500,3083,519,11363.9,6.89509,11.8805,0.0977007,2850,0,5.30573e+11
./WORKING//matrices//bayer10.pbin,1,10,500,13436,519,70673.4,0,0,-nan,11755,0,0.00954704
./WORKING//matrices//bcspwr01.pbin,1,10,500,39,39,130.765,39,39,1,38,2,0.0799794
./WORKING//matrices//bcspwr02.pbin,1,10,500,49,49,167.045,49,49,1,34,2,0.065225
./WORKING//matrices//bcspwr03.pbin,1,10,500,118,118,474.088,118,118,1,115,2,0.0329958
./WORKING//matrices//bcspwr04.pbin,1,10,500,274,274,1603.26,274,274,1,265,2,0.0208302
./WORKING//matrices//bcspwr05.pbin,1,10,500,443,443,1624.33,443,443,1,435,2,0.00821417
./WORKING//matrices//bcspwr06.pbin,1,10,500,1454,515,5327.46,1454,1454,0.354195,1158,1,0.00251407
./WORKING//matrices//bcspwr07.pbin,1,10,500,1612,516,5748.39,1612,1612,0.320099,1375,1,0.00220765
./WORKING//matrices//bcspwr08.pbin,1,10,500,1624,516,6135.47,1624,1624,0.317734,1494,1,0.0023213
./WORKING//matrices//bcspwr09.pbin,1,10,500,1723,515,6512.94,1723,1723,0.298897,1663,1,0.00218922
./WORKING//matrices//bcspwr10.pbin,1,10,500,5300,516,21920.8,5300,5300,0.0973585,5121,1,0.000779844
./WORKING//matrices//bcsstk01.pbin,1,10,500,48,48,399.628,3.24331e+10,48,6.75689e+08,35,5,2.62658e+16
./WORKING//matrices//bcsstk02.pbin,1,10,500,66,66,4356,305063,66,4622.17,65,66,672269
./WORKING//matrices//bcsstk03.pbin,1,10,500,112,112,648.972,9.31755e+11,112,8.31924e+09,7,4,7.64178e+18
./WORKING//matrices//bcsstk04.pbin,1,10,500,132,132,3708.47,2.92011e+08,132,2.21221e+06,47,15,1.03986e+11
./WORKING//matrices//bcsstk05.pbin,1,10,500,153,153,2428.36,1.57682e+08,153,1.0306e+06,28,4,2.14576e+10
./WORKING//matrices//bcsstk06.pbin,1,10,500,420,420,7941.54,2.06459e+11,420,4.91568e+08,47,2,2.57796e+15
./WORKING//matrices//bcsstk07.pbin,1,10,500,420,420,7941.54,2.06459e+11,420,4.91568e+08,47,2,2.57796e+15
./WORKING//matrices//bcsstk08.pbin,1,10,500,1074,516,11393,3.71119e+11,1074,1.66018e+08,590,1,1.91125e+15
./WORKING//matrices//bcsstk09.pbin,1,10,500,1083,515,18322.2,1.7909e+10,1083,7.86362e+06,62,1,6.0425e+11
./WORKING//matrices//bcsstk10.pbin,1,10,500,1086,515,22139.2,4.35137e+09,1086,1.90009e+06,37,2,7.0499e+10
./WORKING//matrices//bcsstk11.pbin,1,10,500,1473,515,34179.5,7.53552e+10,1473,1.78861e+07,650,1,1.28451e+13
./WORKING//matrices//bcsstk12.pbin,1,10,500,1473,515,34179.5,7.53552e+10,1473,1.78861e+07,650,1,1.28451e+13
./WORKING//matrices//bcsstk13.pbin,1,10,500,2003,518,82563.7,5.62711e+13,2003,7.26529e+09,1250,1,9.84784e+18
./WORKING//matrices//bcsstk14.pbin,1,10,500,1806,517,65651.7,1.10609e+12,1806,1.75326e+08,161,1,1.24641e+15
./WORKING//matrices//bcsstk15.pbin,1,10,500,3948,520,121054,1.05791e+12,3948,3.52938e+07,428,1,1.61295e+14
./WORKING//matrices//bcsstk16.pbin,1,10,500,4884,520,291292,3.45092e+12,4884,7.52292e+07,140,1,1.64018e+14
./WORKING//matrices//bcsstk18.pbin,1,10,500,11948,520,151429,8.27235e+12,11948,3.01329e+07,1221,1,5.62396e+14
./WORKING//matrices//bcsstk19.pbin,1,10,500,817,513,7016.4,9.55985e+15,817,7.34724e+12,566,1,1.41441e+24
./WORKING//matrices//bcsstk20.pbin,1,10,500,485,485,3151.49,9.70147e+16,485,2.0003e+14,20,2,3.65365e+27
./WORKING//matrices//bcsstk21.pbin,1,10,500,3600,518,27014.4,1.00538e+11,3600,4.01842e+06,125,1,6.88296e+11
./WORKING//matrices//bcsstk22.pbin,1,10,500,138,138,702.451,1.31635e+08,138,953875,111,2,2.27571e+10
./WORKING//matrices//bcsstk23.pbin,1,10,500,3134,520,43869.7,1.5049e+18,3134,7.96731e+13,449,1,7.26384e+26
./WORKING//matrices//bcsstk26.pbin,1,10,500,1922,517,30540.6,3.06172e+12,1922,4.28499e+08,230,1,4.176e+16
./WORKING//matrices//bcsstk27.pbin,1,10,500,1224,516,56536.6,3.88397e+08,1224,133771,53,3,2.89147e+08
./WORKING//matrices//bcsstk29.pbin,1,10,500,13992,520,629836,13992,13992,0.0371641,1156,1,0.0032058
./WORKING//matrices//bcsstk33.pbin,1,10,500,8738,520,590077,8738,8738,0.0595102,913,1,0.00766636
./WORKING//matrices//bcsstk34.pbin,1,10,500,588,510,21424.4,1.83332e+09,588,2.7043e+06,95,10,9.46738e+10
./WORKING//matrices//bcsstm01.pbin,1,10,500,48,48,23.4419,3600,24,150,0,0,276.163
./WORKING//matrices//bcsstm02.pbin,1,10,500,66,66,66,5.9214,66,0.0897181,0,1,0.00016133
./WORKING//matrices//bcsstm03.pbin,1,10,500,112,112,72.2243,20795.6,72,288.827,0,0,6766.55
./WORKING//matrices//bcsstm04.pbin,1,10,500,132,132,65.4803,5.9214,66,0.0897181,0,0,3.87912e-05
./WORKING//matrices//bcsstm05.pbin,1,10,500,153,153,153,47.5474,153,0.310767,0,1,0.000895796
./WORKING//matrices//bcsstm06.pbin,1,10,500,420,420,420,875379,420,2084.24,0,1,25802
./WORKING//matrices//bcsstm07.pbin,1,10,500,420,420,7326.22,200113,420,476.459,47,2,1832.28
./WORKING//matrices//bcsstm08.pbin,1,10,500,1074,515,1074,6.24309e+06,1074,2787.39,0,1,3.91045e+06
./WORKING//matrices//bcsstm09.pbin,1,10,500,1083,515,1083,0.0937066,1083,4.11453e-05,0,1,2.08151e-11
./WORKING//matrices//bcsstm10.pbin,1,10,500,1086,516,22189.2,6.13132e+06,1086,2682.53,37,3,71069.9
./WORKING//matrices//bcsstm11.pbin,1,10,500,1473,514,1473,4006.01,1473,0.949008,0,1,0.048683
./WORKING//matrices//bcsstm12.pbin,1,10,500,1473,514,19417.1,1006.3,1473,0.238387,648,1,0.00360881
./WORKING//matrices//bcsstm13.pbin,1,10,500,2003,517,18824.2,12693.5,1208.77,2.71048,522,0,0.242019
./WORKING//matrices//bcsstm19.pbin,1,10,500,817,516,817,8.60053e+08,817,664861,0,1,1.59025e+10
./WORKING//matrices//bcsstm20.pbin,1,10,500,485,485,485,4.15313e+08,485,856315,0,1,4.35939e+10
./WORKING//matrices//bcsstm21.pbin,1,10,500,3600,518,3600,0.294586,3600,1.17744e-05,0,1,3.20922e-12
./WORKING//matrices//bcsstm22.pbin,1,10,500,138,138,138,0.238424,138,0.00172771,0,1,7.33496e-08
./WORKING//matrices//bcsstm23.pbin,1,10,500,3134,517,3134,1.14364e+09,3134,60198.1,0,1,1.51545e+08
./WORKING//matrices//bcsstm24.pbin,1,10,500,3562,518,3562,1.50454e+08,3562,6142.51,0,1,5.41252e+06
./WORKING//matrices//bcsstm25.pbin,1,10,500,15439,520,15439,1.72059e+11,15439,375355,0,1,2.20481e+11
./WORKING//matrices//bcsstm26.pbin,1,10,500,1922,516,1922,243.701,1922,0.0340409,0,1,3.31571e-05
./WORKING//matrices//bcsstm27.pbin,1,10,500,1224,512,56722.6,581742,1224,198.81,54,5,664.545
./WORKING//matrices//bcsstm34.pbin,1,10,500,588,509,24490.2,104.15,588,0.153329,95,10,0.000855055
./WORKING//matrices//bcsstm38.pbin,1,10,500,8032,520,10634.4,159.397,5282.58,0.0019535,16,0,3.00133e-07
./WORKING//matrices//b_dyn.pbin,1,10,500,1089,513,4122.95,0.120216,2.12281,0.0266773,927,0,1558.97
./WORKING//matrices//bfwa398.pbin,1,10,500,398,398,3688.34,1323.12,398,3.32441,304,3,0.0448596
./WORKING//matrices//bfwa62.pbin,1,10,500,62,62,451.404,183.813,62,2.96473,49,3,0.26243
./WORKING//matrices//bfwa782.pbin,1,10,500,782,512,7466.54,2812.36,782,2.35465,594,1,0.0276621
./WORKING//matrices//bfwb398.pbin,1,10,500,398,398,2921.7,0.00374923,398,9.42019e-06,303,2,3.52785e-13
./WORKING//matrices//bfwb62.pbin,1,10,500,62,62,346.982,0.00335319,62,5.40837e-05,48,2,7.89121e-11
./WORKING//matrices//bfwb782.pbin,1,10,500,782,512,5933.82,0.00584224,782,4.89143e-06,593,1,1.07098e-13
./WORKING//matrices//big.pbin,1,10,500,13209,520,91459.1,154749,13209,0.461201,12419,1,0.0125992
./WORKING//matrices//blckhole.pbin,1,10,500,2132,517,14860,2132,2132,0.242495,1411,1,0.0032599
./WORKING//matrices//bp_0.pbin,1,10,500,822,514,3337.32,1.59922,1.59922,0.625304,516,0,1.17306
./WORKING//matrices//bp_1000.pbin,1,10,500,822,514,4757.74,1.71596,3.19844,0.335476,795,0,2.10727
./WORKING//matrices//bp_1200.pbin,1,10,500,822,514,4864.6,3.31679,6.39689,0.32422,804,0,2.40046
./WORKING//matrices//bp_1400.pbin,1,10,500,822,514,4835,1.71756,4.79767,0.223859,804,0,2.20934
./WORKING//matrices//bp_1600.pbin,1,10,500,822,514,4913.92,1.76554,6.39689,0.172584,804,0,2.17624
./WORKING//matrices//bp_200.pbin,1,10,500,822,514,3878.2,1.71596,3.19844,0.335476,776,0,1.62694
./WORKING//matrices//bp_400.pbin,1,10,500,822,514,4137.95,1.71596,3.19844,0.335476,795,0,1.51447
./WORKING//matrices//bp_600.pbin,1,10,500,822,514,4215.22,1.71596,3.19844,0.335476,795,0,1.71273
./WORKING//matrices//bp_800.pbin,1,10,500,822,514,4626.22,1.71596,3.19844,0.335476,795,0,1.92282
./WORKING//matrices//bwm200.pbin,1,10,500,200,200,797.949,92976.9,200,464.885,100,3,1795.77
./WORKING//matrices//cage10.pbin,1,10,500,11397,520,148640,7556.87,11397,0.0302527,5329,1,4.10005e-05
./WORKING//matrices//cage3.pbin,1,10,500,5,5,-nan,2.33333,5,0.466667,4,3,-nan
./WORKING//matrices//cage4.pbin,1,10,500,9,9,51.75,5,9,0.555556,7,5,0.0308294
./WORKING//matrices//cage5.pbin,1,10,500,37,37,235.875,21.4,37,0.578378,23,3,0.0103878
./WORKING//matrices//cage6.pbin,1,10,500,93,93,789.443,57,93,0.612903,46,5,0.00441802
./WORKING//matrices//cage7.pbin,1,10,500,340,340,3096.54,213,340,0.626471,147,3,0.00126841
./WORKING//matrices//cage8.pbin,1,10,500,1015,513,11104.1,650.319,1015,0.323826,420,1,0.00043327
./WORKING//matrices//cage9.pbin,1,10,500,3534,518,41432.6,2300.54,3534,0.095417,1712,1,0.000129087
./WORKING//matrices//can_1054.pbin,1,10,500,1054,517,11903.9,1054,1054,0.490512,992,1,0.0105839
./WORKING//matrices//can_1072.pbin,1,10,500,1072,515,12216.5,1072,1072,0.48041,993,1,0.0104998
./WORKING//matrices//can_144.pbin,1,10,500,144,144,1286.68,144,144,1,142,6,0.0581828
./WORKING//matrices//can_161.pbin,1,10,500,161,161,1368.5,161,161,1,79,6,0.0502792
./WORKING//matrices//can_187.pbin,1,10,500,187,187,1502.16,187,187,1,63,5,0.0412766
./WORKING//matrices//can_229.pbin,1,10,500,229,229,1767.59,229,229,1,172,3,0.0326287
./WORKING//matrices//can_24.pbin,1,10,500,24,24,165.474,24,24,1,21,4,0.208333
./WORKING//matrices//can_256.pbin,1,10,500,256,256,2879.24,256,256,1,251,4,0.0414595
./WORKING//matrices//can_268.pbin,1,10,500,268,268,3055,268,268,1,263,4,0.040438
./WORKING//matrices//can_292.pbin,1,10,500,292,292,2496.75,292,292,1,282,4,0.0282321
./WORKING//matrices//can_445.pbin,1,10,500,445,445,3805.76,445,445,1,403,4,0.0188836
./WORKING//matrices//can_61.pbin,1,10,500,61,61,568.607,61,61,1,50,5,0.127342
./WORKING//matrices//can_62.pbin,1,10,500,62,62,221.895,62,62,1,48,2,0.0550159
./WORKING//matrices//can_634.pbin,1,10,500,634,511,7342.99,634,634,0.805994,539,2,0.0179258
./WORKING//matrices//can_715.pbin,1,10,500,715,511,6658.08,715,715,0.714685,611,2,0.0128058
./WORKING//matrices//can_73.pbin,1,10,500,73,73,371.441,73,73,1,39,3,0.0648559
./WORKING//matrices//can_838.pbin,1,10,500,838,511,10074.4,838,838,0.609785,837,2,0.0141012
./WORKING//matrices//can_96.pbin,1,10,500,96,96,778.549,96,96,1,31,6,0.0779497
./WORKING//matrices//cavity01.pbin,1,10,500,317,317,7357.04,1096.47,243,4.51221,102,7,0.0880312
./WORKING//matrices//cavity03.pbin,1,10,500,317,317,7388.54,1105.97,243,4.55131,102,7,0.44979
./WORKING//matrices//cavity04.pbin,1,10,500,317,317,5998.62,1179.72,243,4.85481,102,1,1.25105
./WORKING//matrices//cavity05.pbin,1,10,500,1182,515,33190.6,4750.65,906.583,2.28315,177,3,0.0282729
./WORKING//matrices//cavity07.pbin,1,10,500,1182,515,33273.3,4767.91,906.583,2.29145,177,3,0.0440932
./WORKING//matrices//cavity08.pbin,1,10,500,1182,515,30240.3,4781.23,906.583,2.29785,177,1,0.0692023
./WORKING//matrices//cavity09.pbin,1,10,500,1182,515,33273.3,4801.72,906.583,2.3077,177,3,0.113595
./WORKING//matrices//cavity12.pbin,1,10,500,2597,518,75396.1,10582.8,1920.18,1.0993,252,0,0.0159112
./WORKING//matrices//cavity13.pbin,1,10,500,2597,518,71105.9,10603.2,1920.18,1.10143,252,0,0.0197219
./WORKING//matrices//cavity14.pbin,1,10,500,2597,518,75396.1,10629.3,1920.18,1.10413,252,0,0.0262671
./WORKING//matrices//cavity15.pbin,1,10,500,2597,518,71105.9,10682,1920.18,1.10961,252,0,0.0348697
./WORKING//matrices//cavity23.pbin,1,10,500,4562,519,128548,18270.9,3410.51,0.60947,327,0,0.00995674
./WORKING//matrices//cavity24.pbin,1,10,500,4562,520,139333,19354.6,3561.87,0.619377,327,0,0.0113102
./WORKING//matrices//cavity25.pbin,1,10,500,4562,520,133977,19359.7,3561.87,0.61954,327,0,0.0123289
./WORKING//matrices//cavity26.pbin,1,10,500,4562,520,139333,19363.2,3561.87,0.619651,327,0,0.0136407
./WORKING//matrices//cdde1.pbin,1,10,500,961,514,4693.52,3815.85,961,2.12377,31,1,0.0204791
./WORKING//matrices//cdde3.pbin,1,10,500,961,514,4693.52,3768.92,961,2.09765,31,1,0.0200777
./WORKING//matrices//cdde5.pbin,1,10,500,961,514,4693.52,3609.38,961,2.00886,31,1,0.01875
./WORKING//matrices//cegb2802.pbin,1,10,500,2802,517,275044,2677.35,2677.35,0.184511,251,0,0.0336476
./WORKING//matrices//cegb2919.pbin,1,10,500,2919,520,320489,2857.25,2857.25,0.178143,1896,0,0.0360187
./WORKING//matrices//cegb3024.pbin,1,10,500,3024,517,81357.7,3000.6,3000.6,0.170966,284,0,0.00881082
./WORKING//matrices//cegb3306.pbin,1,10,500,3306,518,76686,3229.41,3229.41,0.156685,465,0,0.0069561
./WORKING//matrices//cell1.pbin,1,10,500,7055,519,30054.3,884054,7055,9.21833,85,1,3.47262
./WORKING//matrices//cell2.pbin,1,10,500,7055,519,30054.3,884047,7055,9.21826,85,1,3.47258
./WORKING//matrices//circuit_1.pbin,1,10,500,2624,518,31687.4,1.81635,2553.08,0.000140443,2601,1,6.87437e-06
./WORKING//matrices//circuit_2.pbin,1,10,500,4510,519,15451.3,3252.78,4466.55,0.0838055,1274,1,0.000243435
./WORKING//matrices//circuit_3.pbin,1,10,500,12127,518,41595.6,5431.94,11775.8,0.0197034,11721,0,4.8126e-05
./WORKING//matrices//ck104.pbin,1,10,500,104,104,1010.59,69.1159,104,0.664576,55,6,0.00604133
./WORKING//matrices//coater1.pbin,1,10,500,1348,515,19578.4,256.513,256.513,0.382047,435,0,0.0824451
./WORKING//matrices//commanche_dual.pbin,1,10,500,7920,518,31680,7920,7920,0.065404,7485,1,0.000504859
./WORKING//matrices//comsol.pbin,1,10,500,1500,516,98226,340.057,1500,0.0779864,1493,8,5.43418e-05
./WORKING//matrices//coupled.pbin,1,10,500,11341,520,94198.3,13099.7,11122.9,0.0540003,11305,0,0.000695451
./WORKING//matrices//crystm01.pbin,1,10,500,4875,517,107348,4.52836e-09,4875,9.85105e-14,237,1,3.43748e-28
./WORKING//matrices//crystm02.pbin,1,10,500,13965,520,325524,4.53297e-09,13965,1.20866e-14,459,1,1.40432e-29
./WORKING//matrices//curtis54.pbin,1,10,500,54,54,297.551,54,54,1,44,3,0.0916442
./WORKING//matrices//d_dyn1.pbin,1,10,500,87,87,234.476,65.6118,4,16.403,77,1,287458
./WORKING//matrices//d_dyn.pbin,1,10,500,87,87,232.354,0.207484,4,0.0518709,77,1,2.17441
./WORKING//matrices//d_ss.pbin,1,10,500,53,53,142.438,161.832,4,40.4581,45,2,607209
./WORKING//matrices//dw1024.pbin,1,10,500,2048,519,10100.7,918.219,2048,0.11362,1056,1,0.00016274
./WORKING//matrices//dw256A.pbin,1,10,500,512,509,2489.34,274.329,512,0.532658,272,3,0.0013033
./WORKING//matrices//dw256B.pbin,1,10,500,512,509,2509.82,354.71,512,0.688734,272,3,0.00103941
./WORKING//matrices//dwt_1005.pbin,1,10,500,1005,512,8655.06,1005,1005,0.509453,851,1,0.00849171
./WORKING//matrices//dwt_1007.pbin,1,10,500,1007,515,8658.19,1007,1007,0.51142,986,1,0.00847257
./WORKING//matrices//dwt_1242.pbin,1,10,500,1242,516,10201.8,1242,1242,0.415459,931,1,0.00657249
./WORKING//matrices//dwt_162.pbin,1,10,500,162,162,1196.94,162,162,1,156,2,0.0436922
./WORKING//matrices//dwt_193.pbin,1,10,500,193,193,3532.52,193,193,1,62,8,0.0853228
./WORKING//matrices//dwt_198.pbin,1,10,500,198,198,1403.44,198,198,1,36,2,0.0345758
./WORKING//matrices//dwt_209.pbin,1,10,500,209,209,1752.94,209,209,1,184,4,0.0385881
./WORKING//matrices//dwt_221.pbin,1,10,500,221,221,1627.83,221,221,1,187,4,0.0323114
./WORKING//matrices//dwt_234.pbin,1,10,500,234,234,838.926,234,234,1,48,2,0.0151113
./WORKING//matrices//dwt_245.pbin,1,10,500,245,245,1471.02,245,245,1,115,2,0.0238912
./WORKING//matrices//dwt_2680.pbin,1,10,500,2680,519,25133,2680,2680,0.193657,2495,1,0.00348781
./WORKING//matrices//dwt_307.pbin,1,10,500,307,307,2529.19,307,307,1,63,6,0.0261879
./WORKING//matrices//dwt_310.pbin,1,10,500,310,310,2461.7,310,310,1,28,4,0.0250191
./WORKING//matrices//dwt_346.pbin,1,10,500,346,346,3243.88,346,346,1,318,2,0.026294
./WORKING//matrices//dwt_361.pbin,1,10,500,361,361,2965.07,361,361,1,50,4,0.0222829
./WORKING//matrices//dwt_419.pbin,1,10,500,419,419,3557.45,419,419,1,356,6,0.0198831
./WORKING//matrices//dwt_492.pbin,1,10,500,492,492,3158.09,492,492,1,435,3,0.0128868
./WORKING//matrices//dwt_503.pbin,1,10,500,503,503,6045.09,503,503,1,452,4,0.0232698
./WORKING//matrices//dwt_512.pbin,1,10,500,512,509,3526.66,512,512,0.994141,73,1,0.0132516
./WORKING//matrices//dwt_592.pbin,1,10,500,592,510,5093.57,592,592,0.861486,259,3,0.0143395
./WORKING//matrices//dwt_59.pbin,1,10,500,59,59,267.685,59,59,1,25,2,0.0719311
./WORKING//matrices//dwt_607.pbin,1,10,500,607,510,5149.79,607,607,0.840198,147,3,0.0137894
./WORKING//matrices//dwt_66.pbin,1,10,500,66,66,322.426,66,66,1,44,2,0.069525
./WORKING//matrices//dwt_72.pbin,1,10,500,72,72,225.672,72,72,1,12,2,0.0421543
./WORKING//matrices//dwt_758.pbin,1,10,500,758,510,6035.2,758,758,0.672823,195,1,0.0104035
./WORKING//matrices//dwt_869.pbin,1,10,500,869,514,7351.74,869,869,0.591484,586,2,0.00964805
./WORKING//matrices//dwt_878.pbin,1,10,500,878,511,7463,878,878,0.582005,519,1,0.0095965
./WORKING//matrices//dwt_87.pbin,1,10,500,87,87,544.28,87,87,1,63,2,0.0668368
./WORKING//matrices//dwt_918.pbin,1,10,500,918,511,7356.85,918,918,0.556645,839,1,0.00865908
./WORKING//matrices//dwt_992.pbin,1,10,500,992,517,16848.1,992,992,0.521169,513,2,0.0168393
./WORKING//matrices//eris1176.pbin,1,10,500,1176,514,17600,1176,1176,0.437075,740,1,0.0122041
./WORKING//matrices//ex10hs.pbin,1,10,500,2548,514,58221.8,3.5284e+09,2548,279345,117,1,6.15118e+09
./WORKING//matrices//ex10.pbin,1,10,500,2410,518,54475.6,3.37141e+09,2410,300682,113,1,8.17177e+09
./WORKING//matrices//ex12.pbin,1,10,500,3973,519,79730.2,78828.2,2870.66,3.58714,106,0,0.214301
./WORKING//matrices//ex13.pbin,1,10,500,2568,517,75268.1,6.21848e+11,2568,4.87511e+07,165,1,3.29926e+14
./WORKING//matrices//ex14.pbin,1,10,500,3251,518,65722.2,3.25369e+09,2347.25,220867,302,0,1.32342e+09
./WORKING//matrices//ex15.pbin,1,10,500,6867,519,100382,1.6643e+12,6867,1.83174e+07,67,1,1.16636e+14
./WORKING//matrices//ex18.pbin,1,10,500,5773,520,73894.4,1.53312e+10,5773,239209,147,1,1.20464e+10
./WORKING//matrices//ex1.pbin,1,10,500,216,216,4355.83,6.95564,181,0.038429,64,8,1.01943e-05
./WORKING//matrices//ex20.pbin,1,10,500,2203,517,70390.3,19.9201,1632.01,0.00286448,117,0,2.34165e-06
./WORKING//matrices//ex21.pbin,1,10,500,656,513,18908.5,24.5686,480.811,0.0399594,167,6,1.07601e-05
./WORKING//matrices//ex22.pbin,1,10,500,839,515,23389.6,846.215,606.035,0.857094,124,4,0.00487924
./WORKING//matrices//ex24.pbin,1,10,500,2283,518,47061.8,17361.6,1604.27,2.45547,167,1,0.0941854
./WORKING//matrices//ex25.pbin,1,10,500,848,514,25323,18.8804,621.977,0.0183995,95,2,3.90768e-06
./WORKING//matrices//ex26.pbin,1,10,500,2163,518,74281.7,9180.86,1695.32,1.29689,207,1,0.0281956
./WORKING//matrices//ex27.pbin,1,10,500,974,513,38796.4,14.4429,816.413,0.00931757,115,0,9.34506e-07
./WORKING//matrices//ex28.pbin,1,10,500,2603,514,77178.9,16497.7,1949.72,1.67087,111,0,0.0481413
./WORKING//matrices//ex29.pbin,1,10,500,2870,517,23849.7,268.299,2870,0.0168402,42,1,2.12514e-05
./WORKING//matrices//ex2.pbin,1,10,500,441,441,26976.9,2.66009e+09,441,6.03195e+06,129,28,4.95633e+12
./WORKING//matrices//ex31.pbin,1,10,500,3909,519,88828.1,1812.86,3313.99,0.0726299,141,0,0.000460103
./WORKING//matrices//ex32.pbin,1,10,500,1159,516,11114.8,4128.54,837.804,2.19392,67,0,0.0724531
./WORKING//matrices//ex33.pbin,1,10,500,1733,520,22054.2,2.11815e+12,1733,3.66744e+08,157,1,2.70612e+16
./WORKING//matrices//ex37.pbin,1,10,500,3565,520,71685,50661.2,3565,2.07281,493,1,0.168664
./WORKING//matrices//ex3.pbin,1,10,500,1821,518,50500,3.23863e+09,1821,505908,131,2,6.66616e+09
./WORKING//matrices//ex4.pbin,1,10,500,1601,515,32289,345.07,1150.23,0.0965022,112,1,0.000100418
./WORKING//matrices//ex5.pbin,1,10,500,27,27,287.182,2.57779e+07,27,954735,20,6,1.28486e+11
./WORKING//matrices//ex6.pbin,1,10,500,1651,516,50837.6,32952.6,1247.85,8.25334,86,0,1.53216
./WORKING//matrices//ex8.pbin,1,10,500,3096,518,92000.7,7.76995e+09,3096,419900,126,1,2.00264e+10
./WORKING//matrices//ex9.pbin,1,10,500,3363,520,99632.2,6.61352e+11,3363,3.04076e+07,85,1,7.58021e+13
./WORKING//matrices//fd12.pbin,1,10,500,7500,520,28095,0,0,-nan,7025,0,2.86282e+08
./WORKING//matrices//fpga_dcop_01.pbin,1,10,500,1220,517,5677.88,304.627,1125.61,0.114686,858,0,0.000207654
./WORKING//matrices//fpga_dcop_02.pbin,1,10,500,1220,517,5677.88,304.777,1125.61,0.114743,858,0,0.000207694
./WORKING//matrices//fpga_dcop_03.pbin,1,10,500,1220,517,5670.56,370.014,1125.61,0.139303,858,0,0.000571623
./WORKING//matrices//fpga_dcop_04.pbin,1,10,500,1220,517,5563.2,341.956,1125.61,0.12874,858,0,0.000396383
./WORKING//matrices//fpga_dcop_05.pbin,1,10,500,1220,517,5585.16,377.64,1125.61,0.142174,858,0,0.000576446
./WORKING//matrices//fpga_dcop_06.pbin,1,10,500,1220,517,5604.68,348.151,1125.61,0.131072,858,0,0.000391613
./WORKING//matrices//fpga_dcop_07.pbin,1,10,500,1220,517,5629.08,351.724,1125.61,0.132417,858,0,0.0688915
./WORKING//matrices//fpga_dcop_08.pbin,1,10,500,1220,517,5631.52,326.994,1125.61,0.123107,858,0,0.000250899
./WORKING//matrices//fpga_dcop_09.pbin,1,10,500,1220,517,5668.12,315.849,1125.61,0.118911,858,0,0.000264344
./WORKING//matrices//fpga_dcop_10.pbin,1,10,500,1220,517,5665.68,313.936,1125.61,0.118191,858,0,0.000220197
./WORKING//matrices//fpga_dcop_11.pbin,1,10,500,1220,517,5677.88,312.413,1125.61,0.117617,858,0,0.000218819
./WORKING//matrices//fpga_dcop_12.pbin,1,10,500,1220,517,5677.88,307.71,1125.61,0.115847,858,0,0.000210782
./WORKING//matrices//fpga_dcop_13.pbin,1,10,500,1220,517,5663.24,308.297,1125.61,0.116068,858,0,0.000211094
./WORKING//matrices//fpga_dcop_14.pbin,1,10,500,1220,517,5677.88,306.519,1125.61,0.115399,858,0,0.000208638
./WORKING//matrices//fpga_dcop_15.pbin,1,10,500,1220,517,5963.36,319.41,1132.69,0.1195,864,0,0.000237809
./WORKING//matrices//fpga_dcop_16.pbin,1,10,500,1220,517,5965.8,320.032,1132.69,0.119733,864,0,0.000239412
./WORKING//matrices//fpga_dcop_17.pbin,1,10,500,1220,517,5973.12,321.824,1132.69,0.120403,864,0,0.000243361
./WORKING//matrices//fpga_dcop_18.pbin,1,10,500,1220,517,5973.12,317.721,1132.69,0.118868,864,0,0.000234752
./WORKING//matrices//fpga_dcop_19.pbin,1,10,500,1220,517,5973.12,316.304,1132.69,0.118338,864,0,0.000232428
./WORKING//matrices//fpga_dcop_20.pbin,1,10,500,1220,517,5973.12,315.842,1132.69,0.118165,864,0,0.00023175
./WORKING//matrices//fpga_dcop_21.pbin,1,10,500,1220,517,5973.12,315.728,1132.69,0.118123,864,0,0.000231597
./WORKING//matrices//fpga_dcop_22.pbin,1,10,500,1220,517,5968.24,315.693,1132.69,0.118109,864,0,0.000231549
./WORKING//matrices//fpga_dcop_23.pbin,1,10,500,1220,517,5973.12,315.679,1132.69,0.118104,864,0,0.000231533
./WORKING//matrices//fpga_dcop_24.pbin,1,10,500,1220,517,5973.12,315.681,1132.69,0.118105,864,0,0.000231531
./WORKING//matrices//fpga_dcop_25.pbin,1,10,500,1220,517,5970.68,315.676,1132.69,0.118103,864,0,0.000231529
./WORKING//matrices//fpga_dcop_26.pbin,1,10,500,1220,517,5973.12,315.676,1132.69,0.118103,864,0,0.000231529
./WORKING//matrices//fpga_dcop_27.pbin,1,10,500,1220,517,5963.36,315.675,1132.69,0.118103,864,0,0.000231529
./WORKING//matrices//fpga_dcop_28.pbin,1,10,500,1220,517,5973.12,315.676,1132.69,0.118103,864,0,0.000231529
./WORKING//matrices//fpga_dcop_29.pbin,1,10,500,1220,517,5973.12,315.676,1132.69,0.118103,864,0,0.000231529
./WORKING//matrices//fpga_dcop_30.pbin,1,10,500,1220,517,5973.12,315.676,1132.69,0.118103,864,0,0.000231529
./WORKING//matrices//fpga_dcop_31.pbin,1,10,500,1220,517,5973.12,315.676,1132.69,0.118103,864,0,0.000231529
./WORKING//matrices//fpga_dcop_32.pbin,1,10,500,1220,517,5973.12,315.677,1132.69,0.118103,864,0,0.000231529
./WORKING//matrices//fpga_dcop_33.pbin,1,10,500,1220,517,5973.12,315.676,1132.69,0.118103,864,0,0.000231529
./WORKING//matrices//fpga_dcop_34.pbin,1,10,500,1220,517,5973.12,315.676,1132.69,0.118103,864,0,0.000231529
./WORKING//matrices//fpga_dcop_35.pbin,1,10,500,1220,517,5973.12,315.676,1132.69,0.118103,864,0,0.000231529
./WORKING//matrices//fpga_dcop_36.pbin,1,10,500,1220,517,5973.12,315.676,1132.69,0.118103,864,0,0.000231529
./WORKING//matrices//fpga_dcop_37.pbin,1,10,500,1220,517,5973.12,315.676,1132.69,0.118103,864,0,0.000231529
./WORKING//matrices//fpga_dcop_38.pbin,1,10,500,1220,517,5973.12,315.676,1132.69,0.118103,864,0,0.000231529
./WORKING//matrices//fpga_dcop_39.pbin,1,10,500,1220,517,5973.12,315.676,1132.69,0.118103,864,0,0.000231529
./WORKING//matrices//fpga_dcop_40.pbin,1,10,500,1220,517,5973.12,315.676,1132.69,0.118103,864,0,0.000231529
./WORKING//matrices//fpga_dcop_41.pbin,1,10,500,1220,513,5982.88,323.743,1136.76,0.119753,864,0,0.000235298
./WORKING//matrices//fpga_dcop_42.pbin,1,10,500,1220,513,5982.88,323.743,1136.76,0.119753,864,0,0.000235298
./WORKING//matrices//fpga_dcop_43.pbin,1,10,500,1220,513,5982.88,323.743,1136.76,0.119753,864,0,0.000235298
./WORKING//matrices//fpga_dcop_44.pbin,1,10,500,1220,513,5982.88,323.743,1136.76,0.119753,864,0,0.000235298
./WORKING//matrices//fpga_dcop_45.pbin,1,10,500,1220,513,5982.88,323.743,1136.76,0.119753,864,0,0.000235298
./WORKING//matrices//fpga_dcop_46.pbin,1,10,500,1220,513,5982.88,323.743,1136.76,0.119753,864,0,0.000235298
./WORKING//matrices//fpga_dcop_47.pbin,1,10,500,1220,513,5982.88,323.743,1136.76,0.119753,864,0,0.000235298
./WORKING//matrices//fpga_dcop_48.pbin,1,10,500,1220,513,5982.88,323.743,1136.76,0.119753,864,0,0.000235298
./WORKING//matrices//fpga_dcop_49.pbin,1,10,500,1220,513,5982.88,323.743,1136.76,0.119753,864,0,0.000235298
./WORKING//matrices//fpga_dcop_50.pbin,1,10,500,1220,513,5982.88,323.743,1136.76,0.119753,864,0,0.000235298
./WORKING//matrices//fpga_dcop_51.pbin,1,10,500,1220,513,5982.88,323.743,1136.76,0.119753,864,0,0.000235298
./WORKING//matrices//fpga_trans_01.pbin,1,10,500,1220,513,7478.6,327.12,1151.03,0.119502,1085,0,0.000237606
./WORKING//matrices//fs_541_1.pbin,1,10,500,541,509,3753.46,572.333,541,0.995341,378,1,0.00213598
./WORKING//matrices//fs_541_4.pbin,1,10,500,541,509,3746.97,1.59078e+06,541,2766.51,378,1,171110
./WORKING//matrices//fs_760_1.pbin,1,10,500,760,509,5563.2,1.20934e+09,760,1.06571e+06,740,1,5.20482e+11
./WORKING//matrices//fs_760_2.pbin,1,10,500,760,509,5563.2,1.13021e+09,760,995981,740,1,5.20052e+11
./WORKING//matrices//fs_760_3.pbin,1,10,500,760,509,5636.16,1.13021e+09,760,995980,740,1,5.20052e+11
./WORKING//matrices//fv1.pbin,1,10,500,9604,520,84880.2,33711.5,9604,0.190054,99,1,0.00141111
./WORKING//matrices//fv2.pbin,1,10,500,9801,518,87620.9,34402,9801,0.185512,100,1,0.00138397
./WORKING//matrices//fv3.pbin,1,10,500,9801,518,87620.9,29403,9801,0.158555,100,1,0.00104515
./WORKING//matrices//G10.pbin,1,10,500,800,513,38211.2,0,0,-nan,792,17,0.0597098
./WORKING//matrices//G11.pbin,1,10,500,800,513,3200,0,0,-nan,792,0,0.00499986
./WORKING//matrices//G12.pbin,1,10,500,800,513,3200,0,0,-nan,784,0,0.00499995
./WORKING//matrices//G13.pbin,1,10,500,800,513,3200,0,0,-nan,768,0,0.00500028
./WORKING//matrices//G14.pbin,1,10,500,800,513,9131.2,0,0,-nan,793,1,0.0139197
./WORKING//matrices//G15.pbin,1,10,500,800,513,8809.6,0,0,-nan,798,1,0.0134681
./WORKING//matrices//G16.pbin,1,10,500,800,513,8660.8,0,0,-nan,792,0,0.0132515
./WORKING//matrices//G17.pbin,1,10,500,800,513,9017.6,0,0,-nan,793,1,0.0137499
./WORKING//matrices//G18.pbin,1,10,500,800,513,9131.2,0,0,-nan,793,1,0.0142665
./WORKING//matrices//G19.pbin,1,10,500,800,513,8809.6,0,0,-nan,798,1,0.013766
./WORKING//matrices//G1.pbin,1,10,500,800,513,38297.6,0,0,-nan,798,15,0.0562611
./WORKING//matrices//G20.pbin,1,10,500,800,513,8660.8,0,0,-nan,792,0,0.0135314
./WORKING//matrices//G21.pbin,1,10,500,800,513,9017.6,0,0,-nan,793,1,0.0140896
./WORKING//matrices//G22.pbin,1,10,500,2000,518,40244,0,0,-nan,1986,0,0.00995965
./WORKING//matrices//G23.pbin,1,10,500,2000,518,40272,0,0,-nan,1984,0,0.00996659
./WORKING//matrices//G24.pbin,1,10,500,2000,518,39804,0,0,-nan,1976,0,0.00985191
./WORKING//matrices//G25.pbin,1,10,500,2000,518,39920,0,0,-nan,1976,0,0.00987956
./WORKING//matrices//G26.pbin,1,10,500,2000,518,39500,0,0,-nan,1991,0,0.00977746
./WORKING//matrices//G27.pbin,1,10,500,2000,519,40172,0,0,-nan,1986,1,0.0100426
./WORKING//matrices//G28.pbin,1,10,500,2000,519,39576,0,0,-nan,1985,0,0.0098942
./WORKING//matrices//G29.pbin,1,10,500,2000,519,40540,0,0,-nan,1976,0,0.0101348
./WORKING//matrices//G2.pbin,1,10,500,800,513,38646.4,0,0,-nan,798,17,0.0567433
./WORKING//matrices//G30.pbin,1,10,500,2000,519,39820,0,0,-nan,1976,0,0.00995474
./WORKING//matrices//G31.pbin,1,10,500,2000,519,39844,0,0,-nan,1991,0,0.00996095
./WORKING//matrices//G32.pbin,1,10,500,2000,519,8000,0,0,-nan,1980,0,0.00200002
./WORKING//matrices//G33.pbin,1,10,500,2000,519,8000,0,0,-nan,1975,0,0.00200011
./WORKING//matrices//G34.pbin,1,10,500,2000,519,8000,0,0,-nan,1960,0,0.00200003
./WORKING//matrices//G35.pbin,1,10,500,2000,519,21108,0,0,-nan,1996,0,0.00523659
./WORKING//matrices//G36.pbin,1,10,500,2000,519,21456,0,0,-nan,1997,0,0.00532561
./WORKING//matrices//G37.pbin,1,10,500,2000,519,22108,0,0,-nan,1991,0,0.005476
./WORKING//matrices//G38.pbin,1,10,500,2000,519,21096,0,0,-nan,1997,0,0.00523654
./WORKING//matrices//G39.pbin,1,10,500,2000,519,21108,0,0,-nan,1996,0,0.00527679
./WORKING//matrices//G3.pbin,1,10,500,800,513,38273.6,0,0,-nan,793,16,0.0562285
./WORKING//matrices//G40.pbin,1,10,500,2000,519,21456,0,0,-nan,1997,0,0.00536384
./WORKING//matrices//G41.pbin,1,10,500,2000,518,22920,0,0,-nan,1991,0,0.00572964
./WORKING//matrices//G42.pbin,1,10,500,2000,518,23420,0,0,-nan,1997,0,0.00585509
./WORKING//matrices//G43.pbin,1,10,500,1000,511,19942,0,0,-nan,991,3,0.0195447
./WORKING//matrices//G44.pbin,1,10,500,1000,511,19934,0,0,-nan,986,1,0.0195361
./WORKING//matrices//G45.pbin,1,10,500,1000,511,20052,0,0,-nan,997,1,0.0196499
./WORKING//matrices//G46.pbin,1,10,500,1000,511,19854,0,0,-nan,986,2,0.0194615
./WORKING//matrices//G47.pbin,1,10,500,1000,511,20098,0,0,-nan,992,3,0.0196926
./WORKING//matrices//G48.pbin,1,10,500,3000,518,12000,0,0,-nan,2940,0,0.001332
./WORKING//matrices//G49.pbin,1,10,500,3000,518,12000,0,0,-nan,2900,0,0.001332
./WORKING//matrices//G4.pbin,1,10,500,800,512,38220.8,0,0,-nan,796,17,0.0561521
./WORKING//matrices//G50.pbin,1,10,500,3000,518,12000,0,0,-nan,2880,0,0.001332
./WORKING//matrices//G51.pbin,1,10,500,1000,511,11478,0,0,-nan,998,0,0.0112329
./WORKING//matrices//G52.pbin,1,10,500,1000,511,11244,0,0,-nan,991,0,0.0110434
./WORKING//matrices//G53.pbin,1,10,500,1000,511,11816,0,0,-nan,996,1,0.0115558
./WORKING//matrices//G54.pbin,1,10,500,1000,511,11672,0,0,-nan,992,0,0.0114058
./WORKING//matrices//G55.pbin,1,10,500,5000,519,25550,0,0,-nan,4990,0,0.00102095
./WORKING//matrices//G56.pbin,1,10,500,5000,519,25550,0,0,-nan,4990,0,0.00102201
./WORKING//matrices//G57.pbin,1,10,500,5000,519,20000,0,0,-nan,4950,0,0.000800001
./WORKING//matrices//G58.pbin,1,10,500,5000,520,56900,0,0,-nan,4995,0,0.00226734
./WORKING//matrices//G59.pbin,1,10,500,5000,520,56900,0,0,-nan,4995,0,0.00227603
./WORKING//matrices//G5.pbin,1,10,500,800,514,38392,0,0,-nan,792,16,0.056394
./WORKING//matrices//G60.pbin,1,10,500,7000,520,35000,0,0,-nan,6910,0,0.000713779
./WORKING//matrices//G61.pbin,1,10,500,7000,520,35000,0,0,-nan,6910,0,0.000714283
./WORKING//matrices//G62.pbin,1,10,500,7000,520,28000,0,0,-nan,6930,0,0.000571432
./WORKING//matrices//G63.pbin,1,10,500,7000,520,82152,0,0,-nan,6993,0,0.00167108
./WORKING//matrices//G64.pbin,1,10,500,7000,520,82152,0,0,-nan,6993,0,0.00167658
./WORKING//matrices//G65.pbin,1,10,500,8000,519,32000,0,0,-nan,7920,0,0.000500007
./WORKING//matrices//G66.pbin,1,10,500,9000,519,36000,0,0,-nan,8900,0,0.000444447
./WORKING//matrices//G67.pbin,1,10,500,10000,520,40000,0,0,-nan,9900,0,0.000399998
./WORKING//matrices//G6.pbin,1,10,500,800,513,38276.8,0,0,-nan,798,18,0.0598002
./WORKING//matrices//g7jac010.pbin,1,10,500,2880,516,18322.6,2.45254e+08,2824.19,15558.9,2867,0,6.45232e+08
./WORKING//matrices//g7jac010sc.pbin,1,10,500,2880,516,18322.6,6401.38,2824.19,0.406104,2867,0,18.4096
./WORKING//matrices//g7jac020.pbin,1,10,500,5850,519,40762.8,1.01731e+08,5669.65,1591.88,5837,0,1.21506e+08
./WORKING//matrices//g7jac020sc.pbin,1,10,500,5850,519,40762.8,12470.6,5669.65,0.195138,5837,0,0.328634
./WORKING//matrices//g7jac040.pbin,1,10,500,11790,520,99366.1,7.46289e+08,11517.9,2857.74,11739,0,1.74038e+08
./WORKING//matrices//g7jac040sc.pbin,1,10,500,11790,520,128393,27402.7,11563.3,0.104521,11743,0,0.199182
./WORKING//matrices//G7.pbin,1,10,500,800,514,38515.2,0,0,-nan,798,16,0.0601765
./WORKING//matrices//G8.pbin,1,10,500,800,514,38136,0,0,-nan,793,16,0.0595853
./WORKING//matrices//G9.pbin,1,10,500,800,514,38409.6,0,0,-nan,796,18,0.0600183
./WORKING//matrices//gemat11.pbin,1,10,500,4929,519,31792,72.6095,37.9884,0.201257,4803,0,0.00387607
./WORKING//matrices//gemat12.pbin,1,10,500,4929,519,32087.8,67.0793,28.4913,0.247904,4803,0,0.00791584
./WORKING//matrices//gent113.pbin,1,10,500,113,113,671.722,90,90,1,101,1,0.0477888
./WORKING//matrices//gr_30_30.pbin,1,10,500,900,511,7797.6,7200,900,4.54222,31,1,0.079714
./WORKING//matrices//gre_1107.pbin,1,10,500,1107,514,5687.77,218.879,1107,0.0918062,170,1,0.000259421
./WORKING//matrices//gre_115.pbin,1,10,500,115,115,416.091,63.3492,115,0.550863,39,2,0.00396877
./WORKING//matrices//gre_185.pbin,1,10,500,185,185,979.472,60.8437,155,0.39254,31,3,0.00181372
./WORKING//matrices//gre_216a.pbin,1,10,500,216,216,817.934,51,152,0.335526,14,2,0.00127076
./WORKING//matrices//gre_216b.pbin,1,10,500,216,216,817.934,36.5835,152,0.240681,14,2,0.00437302
./WORKING//matrices//gre_343.pbin,1,10,500,343,343,1316.19,70,218,0.321101,18,2,0.000784107
./WORKING//matrices//gre_512.pbin,1,10,500,512,509,1986.56,91.5363,294.727,0.30876,24,2,0.000515747
./WORKING//matrices//Hamrle1.pbin,1,10,500,32,32,87.7037,4.05393,5,0.810785,24,2,117.536
./WORKING//matrices//Harvard500.pbin,1,10,500,500,500,2617.17,73,73,1,446,1,0.0100649
./WORKING//matrices//hor_131.pbin,1,10,500,434,434,4167.01,15.9576,434,0.0367687,421,4,2.27652e-05
./WORKING//matrices//hydr1.pbin,1,10,500,5308,519,22474.1,0,0,-nan,4532,0,7.35155e+06
./WORKING//matrices//ibm32.pbin,1,10,500,32,32,122.074,32,32,1,26,2,0.106593
./WORKING//matrices//impcol_a.pbin,1,10,500,207,207,568.738,585.593,8,73.1991,167,1,132.419
./WORKING//matrices//impcol_b.pbin,1,10,500,59,59,287.352,15.6537,17,0.920805,43,1,0.0585628
./WORKING//matrices//impcol_c.pbin,1,10,500,137,137,400.621,175,51,3.43137,91,1,1.15422
./WORKING//matrices//impcol_d.pbin,1,10,500,425,425,1252.74,24.5,28,0.875,406,1,0.108399
./WORKING//matrices//init_adder1.pbin,1,10,500,1813,520,8970.72,0.294115,1806.03,4.67088e-05,1762,0,2.20631e-06
./WORKING//matrices//jagmesh1.pbin,1,10,500,936,512,6289.92,936,936,0.547009,769,1,0.00713502
./WORKING//matrices//jagmesh2.pbin,1,10,500,1009,517,6851.11,1009,1009,0.512389,991,1,0.00669041
./WORKING//matrices//jagmesh3.pbin,1,10,500,1089,516,7381.24,1089,1089,0.473829,1058,1,0.00619067
./WORKING//matrices//jagmesh4.pbin,1,10,500,1440,511,9501.12,1440,1440,0.354861,1407,1,0.0045638
./WORKING//matrices//jagmesh5.pbin,1,10,500,1180,515,7766.76,1180,1180,0.436441,668,1,0.00555105
./WORKING//matrices//jagmesh6.pbin,1,10,500,1377,515,8989.06,1377,1377,0.374001,317,1,0.0047213
./WORKING//matrices//jagmesh7.pbin,1,10,500,1138,513,7485.76,1138,1138,0.450791,891,1,0.00575143
./WORKING//matrices//jagmesh8.pbin,1,10,500,1141,515,7416.5,1141,1141,0.451358,224,1,0.00566869
./WORKING//matrices//jagmesh9.pbin,1,10,500,1349,516,9146.22,1349,1349,0.382506,1024,1,0.00500417
./WORKING//matrices//jan99jac020.pbin,1,10,500,6774,520,33084.2,1.03156e+07,6734.92,117.577,3195,0,403097
./WORKING//matrices//jan99jac020sc.pbin,1,10,500,6774,520,33084.2,19328.7,6734.92,0.220307,3195,0,0.0333739
./WORKING//matrices//jan99jac040.pbin,1,10,500,13694,519,91010.3,1.83112e+07,13667.6,50.7763,6771,0,233295
./WORKING//matrices//jan99jac040sc.pbin,1,10,500,13694,519,91010.3,63723.4,13667.6,0.176703,6771,0,0.0457808
./WORKING//matrices//jan99jac060.pbin,1,10,500,20614,519,131023,3.06075e+07,20614,37.3827,6771,1,680524
./WORKING//matrices//jan99jac060sc.pbin,1,10,500,20614,519,131023,91243.1,20614,0.11144,6771,1,0.0305604
./WORKING//matrices//jgl009.pbin,1,10,500,9,9,51.75,8,8,1,8,3,0.256944
./WORKING//matrices//jgl011.pbin,1,10,500,11,11,66,10,10,1,10,4,0.224242
./WORKING//matrices//jpwh_991.pbin,1,10,500,991,514,5989.6,5043.69,991,2.63976,197,1,0.0373886
./WORKING//matrices//lap_25.pbin,1,10,500,25,25,178.75,25,25,1,6,4,0.2075
./WORKING//matrices//lhr01.pbin,1,10,500,1477,515,19014.9,37.2835,37.2835,0.34868,1120,0,0.00178768
./WORKING//matrices//lhr04c.pbin,1,10,500,4101,518,80543.6,90.3951,126.672,0.0901374,3594,0,0.00074543
./WORKING//matrices//lhr04.pbin,1,10,500,4101,519,78755.6,91.1735,173.838,0.0663745,3594,0,0.000726616
./WORKING//matrices//lns_131.pbin,1,10,500,131,131,538.556,59.1469,112,0.528097,111,1,1.39089e+16
./WORKING//matrices//lns_3937.pbin,1,10,500,3937,519,25677.1,5.37705e+07,3087.4,2295.9,3202,0,2.13707e+17
./WORKING//matrices//lns_511.pbin,1,10,500,511,509,2821.74,26817.9,421.65,63.3532,421,1,4.36629e+16
./WORKING//matrices//lnsp_131.pbin,1,10,500,131,131,548.952,59.1469,112,0.528097,32,1,1.39191e+16
./WORKING//matrices//lnsp3937.pbin,1,10,500,3937,519,24732.2,2.67949e+07,3132.91,1127.47,87,0,1.51865e+17
./WORKING//matrices//lnsp_511.pbin,1,10,500,511,509,2824.81,26818.4,421.65,63.3544,57,1,3.87958e+16
./WORKING//matrices//lock1074.pbin,1,10,500,1074,513,52054.6,1023.75,1023.75,0.477654,593,0,0.042909
./WORKING//matrices//lock2232.pbin,1,10,500,2232,519,79869.9,2171.79,2171.79,0.232527,149,0,0.0157559
./WORKING//matrices//lock3491.pbin,1,10,500,3491,520,160265,3403.72,3403.72,0.148954,1352,0,0.0129671
./WORKING//matrices//lock_700.pbin,1,10,500,700,513,22377.6,690.448,690.448,0.732857,681,0,0.0433375
./WORKING//matrices//lop163.pbin,1,10,500,163,163,940.861,71.5571,163,0.439001,36,3,0.00284252
./WORKING//matrices//lshp1009.pbin,1,10,500,1009,515,6877.34,1009,1009,0.510406,991,1,0.00671588
./WORKING//matrices//lshp1270.pbin,1,10,500,1270,518,8674.1,1270,1270,0.407874,1247,1,0.00535305
./WORKING//matrices//lshp1561.pbin,1,10,500,1561,518,10667.9,1561,1561,0.331839,1538,1,0.00436146
./WORKING//matrices//lshp1882.pbin,1,10,500,1882,513,12872.9,1882,1882,0.272582,1855,1,0.00362306
./WORKING//matrices//lshp2233.pbin,1,10,500,2233,519,15313.9,2233,2233,0.232423,2206,1,0.00306309
./WORKING//matrices//lshp2614.pbin,1,10,500,2614,518,17994.8,2614,2614,0.198164,2583,1,0.00262755
./WORKING//matrices//lshp_265.pbin,1,10,500,265,265,1751.04,265,265,1,256,4,0.0243955
./WORKING//matrices//lshp3025.pbin,1,10,500,3025,519,20769.7,3025,3025,0.17157,2995,1,0.00226532
./WORKING//matrices//lshp3466.pbin,1,10,500,3466,519,23894.6,3466,3466,0.14974,3433,1,0.00198564
./WORKING//matrices//lshp_406.pbin,1,10,500,406,406,2714.43,406,406,1,394,4,0.0162329
./WORKING//matrices//lshp_577.pbin,1,10,500,577,512,3888.98,577,577,0.887348,563,3,0.0115633
./WORKING//matrices//lshp_778.pbin,1,10,500,778,511,5270.17,778,778,0.656812,761,1,0.00864156
./WORKING//matrices//lund_a.pbin,1,10,500,147,147,2494.86,1.27097e+10,147,8.64605e+07,23,5,9.06214e+13
./WORKING//matrices//lund_b.pbin,1,10,500,147,147,2486.58,225600,147,1534.7,23,5,39555.2
./WORKING//matrices//lung1.pbin,1,10,500,1650,517,7382.1,22392.4,1650,4.25229,172,1,11.4896
./WORKING//matrices//m3plates.pbin,1,10,500,11107,518,6464.27,442.378,6475.51,0.00318605,0,0,2.83699e-07
./WORKING//matrices//mahindas.pbin,1,10,500,1258,514,7009.58,95.9414,100.346,0.390649,1241,0,0.0450641
./WORKING//matrices//man_5976.pbin,1,10,500,5976,519,224506,5872.37,5872.37,0.0868474,431,0,0.00624456
./WORKING//matrices//mark3jac020.pbin,1,10,500,9129,520,50866.8,91747.7,9093.89,0.57468,1375,1,4.07468e+07
./WORKING//matrices//mark3jac020sc.pbin,1,10,500,9129,520,53696.8,2.79229e+07,9076.33,175.238,1362,0,502673
./WORKING//matrices//mark3jac040.pbin,1,10,500,18289,520,113575,226421,18113.1,0.355416,1375,0,7.04e+06
./WORKING//matrices//mark3jac040sc.pbin,1,10,500,18289,520,113575,3.06218e+07,18113.1,48.0674,1375,0,298906
./WORKING//matrices//mbeacxc.pbin,1,10,500,496,496,50173.8,15.9532,404,0.0394882,490,0,9.09392e-05
./WORKING//matrices//mbeaflw.pbin,1,10,500,496,496,50173.8,98402.4,404,243.57,490,0,6075.05
./WORKING//matrices//mbeause.pbin,1,10,500,496,496,41226.6,98476.2,400,246.19,490,0,6559.94
./WORKING//matrices//mcca.pbin,1,10,500,180,180,2712.34,3.52588e+19,180,1.95882e+17,42,4,1.41051e+34
./WORKING//matrices//meg1.pbin,1,10,500,2904,520,53090.9,78586.6,39.0923,359.968,2827,0,42705.8
./WORKING//matrices//meg4.pbin,1,10,500,5860,519,26358.3,2.14095e+07,5713.22,331.892,5539,0,50553.3
./WORKING//matrices//memplus.pbin,1,10,500,17758,520,95928.7,572.585,17758,0.000944181,17751,1,1.9998e-07
./WORKING//matrices//mesh1e1.pbin,1,10,500,48,48,310.326,221.104,48,4.60634,47,4,0.516538
./WORKING//matrices//mesh1em1.pbin,1,10,500,48,48,310.326,466.944,48,9.728,47,4,3.6426
./WORKING//matrices//mesh1em6.pbin,1,10,500,48,48,310.326,157.554,48,3.28237,47,4,0.265666
./WORKING//matrices//mesh2e1.pbin,1,10,500,306,306,2022.04,8283.79,306,27.0712,285,3,11.0601
./WORKING//matrices//mesh2em5.pbin,1,10,500,306,306,2022.04,2840.25,306,9.28187,285,3,2.45873
./WORKING//matrices//mesh3e1.pbin,1,10,500,289,289,1378.86,1313,289,4.54325,281,3,0.0857779
./WORKING//matrices//mesh3em5.pbin,1,10,500,289,289,1378.86,801.001,289,2.77163,281,3,0.0331558
./WORKING//matrices//mhda416.pbin,1,10,500,416,416,8606.44,7.74731,161,0.0481199,29,1,48.1819
./WORKING//matrices//mhdb416.pbin,1,10,500,416,416,2326.97,31.2322,416,0.0750773,18,1,0.000126112
./WORKING//matrices//msc00726.pbin,1,10,500,726,512,34656.3,3.08764e+11,726,2.99933e+08,188,11,9.60751e+14
./WORKING//matrices//msc01050.pbin,1,10,500,1050,514,27029.1,3.96589e+08,1050,184895,780,1,2.54425e+09
./WORKING//matrices//msc01440.pbin,1,10,500,1440,517,45486.7,2.74501e+08,1440,68439.9,1391,2,6.94676e+07
./WORKING//matrices//msc04515.pbin,1,10,500,4515,519,97090.6,7.4688e+12,4515,1.90153e+08,162,1,5.57868e+15
./WORKING//matrices//mult_dcop_01.pbin,1,10,500,25187,520,165277,1.24126,24508.9,1.0456e-06,24628,0,4.76437e-07
./WORKING//matrices//nasa1824.pbin,1,10,500,1824,519,39183.2,1.1391e+09,1824,177696,238,1,1.81997e+09
./WORKING//matrices//nasa2146.pbin,1,10,500,2146,513,72822.4,1.3729e+10,2146,1.52932e+06,81,2,4.53472e+10
./WORKING//matrices//nasa2910.pbin,1,10,500,2910,518,171603,5.28237e+09,2910,323127,858,2,1.15393e+10
./WORKING//matrices//nasa4704.pbin,1,10,500,4704,518,104890,6.56244e+09,4704,153625,421,1,8.70615e+09
./WORKING//matrices//nnc1374.pbin,1,10,500,1374,517,8628.72,0.000327571,834.499,1.47701e-07,617,0,48.9928
./WORKING//matrices//nnc261.pbin,1,10,500,261,261,1510.95,0.0292705,150,0.000195137,64,1,230.738
./WORKING//matrices//nnc666.pbin,1,10,500,666,512,4058.6,0.00445387,405.844,8.43674e-06,101,0,98.7656
./WORKING//matrices//nopoly.pbin,1,10,500,10774,520,71216.1,116401,10774,0.521441,9937,1,0.0135977
./WORKING//matrices//nos1.pbin,1,10,500,237,237,1024.62,9.75934e+10,237,4.11787e+08,4,2,3.19362e+15
./WORKING//matrices//nos2.pbin,1,10,500,957,511,4141.9,2.6077e+13,957,1.45497e+10,4,1,3.37755e+18
./WORKING//matrices//nos3.pbin,1,10,500,960,512,15859.2,196589,960,109.216,43,2,66.3055
./WORKING//matrices//nos4.pbin,1,10,500,100,100,607.368,33.7976,100,0.337976,13,2,0.00181002
./WORKING//matrices//nos5.pbin,1,10,500,468,468,5181.36,8.63778e+07,468,184568,178,7,1.13343e+08
./WORKING//matrices//nos6.pbin,1,10,500,675,510,3264.3,4.30152e+08,675,481487,30,1,4.29969e+09
./WORKING//matrices//nos7.pbin,1,10,500,729,512,4633.52,1.78165e+08,729,171647,81,1,1.85725e+09
./WORKING//matrices//odepa400.pbin,1,10,500,400,400,1201.01,798.03,400,1.99507,399,2,0.0150376
./WORKING//matrices//odepb400.pbin,1,10,500,400,400,400,7.9667e-12,399,1.99667e-14,0,0,1.03612e-30
./WORKING//matrices//olm1000.pbin,1,10,500,1000,514,4000,2.5213e+06,1000,1295.95,2,1,1.61127e+06
./WORKING//matrices//olm100.pbin,1,10,500,100,100,400,2425.36,100,24.2536,2,2,1741.12
./WORKING//matrices//olm500.pbin,1,10,500,500,500,2000,318117,500,636.234,2,2,201261
./WORKING//matrices//orani678.pbin,1,10,500,2529,518,74403.2,116.066,185.525,0.128139,2309,0,0.000710613
./WORKING//matrices//orsirr_1.pbin,1,10,500,1030,515,6905.12,2.95767e+07,1030,14357.6,544,1,3.0097e+06
./WORKING//matrices//orsirr_2.pbin,1,10,500,886,516,6021.26,2.08473e+07,886,13703.5,546,1,2.97432e+06
./WORKING//matrices//orsreg_1.pbin,1,10,500,2205,518,14195.8,3.06111e+07,2205,3261.31,441,1,151389
./WORKING//matrices//oscil_dcop_01.pbin,1,10,500,430,430,1549.01,1.30557e+07,366,35671.4,329,1,9.38445e+07
./WORKING//matrices//oscil_dcop_02.pbin,1,10,500,430,430,1549.01,1.30567e+07,366,35674,329,1,9.38477e+07
./WORKING//matrices//oscil_dcop_03.pbin,1,10,500,430,430,1549.01,1.3056e+07,366,35672.2,329,1,9.38451e+07
./WORKING//matrices//oscil_dcop_04.pbin,1,10,500,430,430,1549.01,1.30558e+07,366,35671.7,329,1,9.38498e+07
./WORKING//matrices//oscil_dcop_05.pbin,1,10,500,430,430,1549.01,1.30559e+07,366,35671.7,329,1,9.3849e+07
./WORKING//matrices//oscil_dcop_06.pbin,1,10,500,430,430,1549.01,1.30572e+07,366,35675.3,329,1,9.38443e+07
./WORKING//matrices//oscil_dcop_07.pbin,1,10,500,430,430,1549.01,1.30562e+07,366,35672.7,329,1,9.38443e+07
./WORKING//matrices//oscil_dcop_08.pbin,1,10,500,430,430,1549.01,1.30559e+07,366,35671.8,329,1,9.38444e+07
./WORKING//matrices//oscil_dcop_09.pbin,1,10,500,430,430,1549.01,1.30557e+07,366,35671.4,329,1,9.38444e+07
./WORKING//matrices//oscil_dcop_10.pbin,1,10,500,430,430,1549.01,1.30557e+07,366,35671.3,329,1,9.38445e+07
./WORKING//matrices//oscil_dcop_11.pbin,1,10,500,430,430,1549.01,1.30557e+07,366,35671.2,329,1,9.38445e+07
./WORKING//matrices//oscil_dcop_12.pbin,1,10,500,430,430,1549.01,1.30557e+07,366,35671.3,329,1,9.38445e+07
./WORKING//matrices//oscil_dcop_13.pbin,1,10,500,430,430,1549.01,1.30557e+07,366,35671.2,329,1,9.38445e+07
./WORKING//matrices//oscil_dcop_14.pbin,1,10,500,430,430,1549.01,1.30557e+07,366,35671.2,329,1,9.38445e+07
./WORKING//matrices//oscil_dcop_15.pbin,1,10,500,430,430,1549.01,1.30557e+07,366,35671.2,329,1,9.38444e+07
./WORKING//matrices//oscil_dcop_16.pbin,1,10,500,430,430,1549.01,1.30557e+07,366,35671.2,329,1,9.38444e+07
./WORKING//matrices//oscil_dcop_17.pbin,1,10,500,430,430,1549.01,1.30557e+07,366,35671.2,329,1,9.38444e+07
./WORKING//matrices//oscil_dcop_18.pbin,1,10,500,430,430,1549.01,1.30557e+07,366,35671.3,329,1,9.38444e+07
./WORKING//matrices//oscil_dcop_19.pbin,1,10,500,430,430,1549.01,1.30557e+07,366,35671.2,329,1,9.38445e+07
./WORKING//matrices//oscil_dcop_20.pbin,1,10,500,430,430,1549.01,1.30557e+07,366,35671.2,329,1,9.38445e+07
./WORKING//matrices//oscil_dcop_21.pbin,1,10,500,430,430,1549.01,1.30557e+07,366,35671.2,329,1,9.38445e+07
./WORKING//matrices//oscil_dcop_22.pbin,1,10,500,430,430,1549.01,1.30557e+07,366,35671.2,329,1,9.38445e+07
./WORKING//matrices//oscil_dcop_23.pbin,1,10,500,430,430,1549.01,1.30557e+07,366,35671.2,329,1,9.38445e+07
./WORKING//matrices//oscil_dcop_24.pbin,1,10,500,430,430,1549.01,1.30557e+07,366,35671.2,329,1,9.38445e+07
./WORKING//matrices//oscil_dcop_25.pbin,1,10,500,430,430,1549.01,1.30557e+07,366,35671.2,329,1,9.38445e+07
./WORKING//matrices//oscil_dcop_26.pbin,1,10,500,430,430,1549.01,1.30557e+07,366,35671.2,329,1,9.38445e+07
./WORKING//matrices//oscil_dcop_27.pbin,1,10,500,430,430,1549.01,1.30557e+07,366,35671.2,329,1,9.38445e+07
./WORKING//matrices//oscil_dcop_28.pbin,1,10,500,430,430,1549.01,1.30557e+07,366,35671.2,329,1,9.38445e+07
./WORKING//matrices//oscil_dcop_29.pbin,1,10,500,430,430,1549.01,1.30557e+07,366,35671.2,329,1,9.38445e+07
./WORKING//matrices//oscil_dcop_30.pbin,1,10,500,430,430,1549.01,1.30557e+07,366,35671.2,329,1,9.38445e+07
./WORKING//matrices//oscil_dcop_31.pbin,1,10,500,430,430,1549.01,1.30557e+07,366,35671.2,329,1,9.38445e+07
./WORKING//matrices//oscil_dcop_32.pbin,1,10,500,430,430,1549.01,1.30557e+07,366,35671.2,329,1,9.38445e+07
./WORKING//matrices//oscil_dcop_33.pbin,1,10,500,430,430,1549.01,1.30557e+07,366,35671.2,329,1,9.38445e+07
./WORKING//matrices//oscil_dcop_34.pbin,1,10,500,430,430,1549.01,1.30557e+07,366,35671.2,329,1,9.38445e+07
./WORKING//matrices//oscil_dcop_35.pbin,1,10,500,430,430,1549.01,1.30557e+07,366,35671.2,329,1,9.38445e+07
./WORKING//matrices//oscil_dcop_36.pbin,1,10,500,430,430,1549.01,1.30557e+07,366,35671.2,329,1,9.38445e+07
./WORKING//matrices//oscil_dcop_37.pbin,1,10,500,430,430,1549.01,1.30557e+07,366,35671.2,329,1,9.38445e+07
./WORKING//matrices//oscil_dcop_38.pbin,1,10,500,430,430,1549.01,1.30557e+07,366,35671.2,329,1,9.38445e+07
./WORKING//matrices//oscil_dcop_39.pbin,1,10,500,430,430,1549.01,1.30557e+07,366,35671.2,329,1,9.38445e+07
./WORKING//matrices//oscil_dcop_40.pbin,1,10,500,430,430,1549.01,1.30557e+07,366,35671.2,329,1,9.38445e+07
./WORKING//matrices//oscil_dcop_41.pbin,1,10,500,430,430,1549.01,1.30557e+07,366,35671.2,329,1,9.38445e+07
./WORKING//matrices//oscil_dcop_42.pbin,1,10,500,430,430,1549.01,1.30557e+07,366,35671.2,329,1,9.38445e+07
./WORKING//matrices//oscil_dcop_43.pbin,1,10,500,430,430,1549.01,1.30557e+07,366,35671.2,329,1,9.38445e+07
./WORKING//matrices//oscil_dcop_44.pbin,1,10,500,430,430,1549.01,1.30557e+07,366,35671.2,329,1,9.38445e+07
./WORKING//matrices//oscil_dcop_45.pbin,1,10,500,430,430,1549.01,1.30557e+07,366,35671.2,329,1,9.38445e+07
./WORKING//matrices//oscil_dcop_46.pbin,1,10,500,430,430,1549.01,1.30557e+07,366,35671.2,329,1,9.38445e+07
./WORKING//matrices//oscil_dcop_47.pbin,1,10,500,430,430,1549.01,1.30557e+07,366,35671.2,329,1,9.38445e+07
./WORKING//matrices//oscil_dcop_48.pbin,1,10,500,430,430,1549.01,1.30557e+07,366,35671.2,329,1,9.38445e+07
./WORKING//matrices//oscil_dcop_49.pbin,1,10,500,430,430,1549.01,1.30557e+07,366,35671.2,329,1,9.38445e+07
./WORKING//matrices//oscil_dcop_50.pbin,1,10,500,430,430,1549.01,1.30557e+07,366,35671.2,329,1,9.38445e+07
./WORKING//matrices//oscil_dcop_51.pbin,1,10,500,430,430,1549.01,1.30557e+07,366,35671.2,329,1,9.38445e+07
./WORKING//matrices//oscil_dcop_52.pbin,1,10,500,430,430,1549.01,1.30557e+07,366,35671.2,329,1,9.38445e+07
./WORKING//matrices//oscil_dcop_53.pbin,1,10,500,430,430,1549.01,1.30557e+07,366,35671.2,329,1,9.38445e+07
./WORKING//matrices//oscil_dcop_54.pbin,1,10,500,430,430,1549.01,1.30557e+07,366,35671.2,329,1,9.38445e+07
./WORKING//matrices//oscil_dcop_55.pbin,1,10,500,430,430,1549.01,1.30557e+07,366,35671.2,329,1,9.38445e+07
./WORKING//matrices//oscil_dcop_56.pbin,1,10,500,430,430,1549.01,1.30557e+07,366,35671.2,329,1,9.38445e+07
./WORKING//matrices//oscil_dcop_57.pbin,1,10,500,430,430,1549.01,1.30557e+07,366,35671.2,329,1,9.38445e+07
./WORKING//matrices//oscil_trans_01.pbin,1,10,500,430,430,1619.84,1.65386e+07,396,41764.3,329,1,1.08524e+08
./WORKING//matrices//pcrystk02.pbin,1,10,500,13965,520,973668,13965,13965,0.0372359,461,1,0.00496694
./WORKING//matrices//pcrystk03.pbin,1,10,500,24696,520,1.72931e+06,24696,24696,0.021056,572,1,0.00282718
./WORKING//matrices//pde225.pbin,1,10,500,225,225,1070.8,948.788,225,4.21684,15,3,0.114648
./WORKING//matrices//pde2961.pbin,1,10,500,2961,520,14591.8,10483.7,2961,0.621789,47,1,0.00562097
./WORKING//matrices//pde900.pbin,1,10,500,900,514,4410,3797.96,900,2.41006,30,1,0.0260668
./WORKING//matrices//pesa.pbin,1,10,500,11738,519,79607.1,132352,11738,0.498552,11179,1,0.013324
./WORKING//matrices//pivtol.pbin,1,10,500,102,102,306,4.87418,102,0.0477861,101,2,1.6077e-05
./WORKING//matrices//pkustk01.pbin,1,10,500,22044,520,994625,22044,22044,0.0235892,21144,1,0.00204188
./WORKING//matrices//pkustk02.pbin,1,10,500,10800,519,802224,10800,10800,0.0480556,10676,1,0.00682358
./WORKING//matrices//plat1919.pbin,1,10,500,1919,520,32185.5,574.964,1919,0.0811883,1297,1,0.000135279
./WORKING//matrices//plat362.pbin,1,10,500,362,362,5811.27,66.4608,362,0.183593,249,4,0.000193134
./WORKING//matrices//plsk1919.pbin,1,10,500,1919,520,9621.87,0,0,-nan,1296,0,0.000156442
./WORKING//matrices//plskz362.pbin,1,10,500,362,362,1766.4,0,0,-nan,248,1,0.000510706
./WORKING//matrices//poisson2D.pbin,1,10,500,367,367,2423.01,190.187,367,0.51822,348,3,0.000862782
./WORKING//matrices//poli_large.pbin,1,10,500,15575,520,32676.3,15575,15575,0.0333868,15446,1,0.000111279
./WORKING//matrices//poli.pbin,1,10,500,4008,519,8104.18,4008,4008,0.129491,3858,1,0.000346129
./WORKING//matrices//pores_1.pbin,1,10,500,30,30,182.4,6.08495e+07,30,2.02832e+06,11,4,5.88001e+11
./WORKING//matrices//pores_2.pbin,1,10,500,1224,516,9211.82,4.43539e+08,1224,152763,401,1,1.33309e+10
./WORKING//matrices//pores_3.pbin,1,10,500,532,510,3479.28,5.69455e+06,532,10261.4,77,1,1.60026e+06
./WORKING//matrices//problem1.pbin,1,10,500,415,415,2785.56,1389.27,415,3.34763,315,4,0.0337854
./WORKING//matrices//radfr1.pbin,1,10,500,1048,514,13255.1,182.29,95.8288,0.932972,948,0,0.0330007
./WORKING//matrices//raefsky5.pbin,1,10,500,6316,519,172174,4.32505e+10,6316,562697,3071,1,8.76622e+10
./WORKING//matrices//raefsky6.pbin,1,10,500,3402,519,127282,1.14706e+16,3402,5.1438e+11,2269,1,2.31191e+23
./WORKING//matrices//rajat01.pbin,1,10,500,6833,519,38838.8,6424.86,6424.86,0.0759549,6826,0,0.000830614
./WORKING//matrices//rajat02.pbin,1,10,500,1960,516,11783.5,1918.22,1918.22,0.263265,1949,0,0.00296202
./WORKING//matrices//rajat03.pbin,1,10,500,7602,519,32186.9,93450.7,7396.94,0.862522,7593,0,0.0493642
./WORKING//matrices//rajat04.pbin,1,10,500,1041,514,8790.2,90650.4,996.444,44.9189,1012,0,302.375
./WORKING//matrices//rajat05.pbin,1,10,500,301,301,1220.27,176.074,298,0.590853,298,1,0.00627759
./WORKING//matrices//rajat06.pbin,1,10,500,10922,518,46047.2,10669,10669,0.0474272,10913,0,0.000385888
./WORKING//matrices//rajat07.pbin,1,10,500,14842,520,63672.2,14442.4,14442.4,0.0350357,14833,0,0.000288976
./WORKING//matrices//rajat08.pbin,1,10,500,19362,520,83721.3,18952.4,18952.4,0.0268567,19353,0,0.000223283
./WORKING//matrices//rajat11.pbin,1,10,500,135,135,648,71.4701,132,0.54144,133,1,0.0310331
./WORKING//matrices//rajat12.pbin,1,10,500,1879,519,11093.6,8999.15,1846.42,1.34621,1877,1,1.05207
./WORKING//matrices//rajat13.pbin,1,10,500,7598,520,43080.7,3.0652e+07,7510.33,279.321,7594,1,90041.2
./WORKING//matrices//rajat14.pbin,1,10,500,180,180,1198.29,147903,171,864.927,177,1,237183
./WORKING//matrices//rbsa480.pbin,1,10,500,480,480,16998.1,2276,42,54.1905,477,35,235.464
./WORKING//matrices//rbsb480.pbin,1,10,500,480,480,16995,2216,43,51.5349,477,35,247.396
./WORKING//matrices//rdb2048.pbin,1,10,500,2048,518,12046.3,53270.3,2048,6.57893,64,1,0.514044
./WORKING//matrices//rdb5000.pbin,1,10,500,5000,520,29690,310514,5000,6.45868,100,1,1.11367
./WORKING//matrices//rdb968.pbin,1,10,500,968,515,5645.38,12087.8,968,6.64362,44,1,0.30368
./WORKING//matrices//rdist1.pbin,1,10,500,4134,519,95048.9,1708.2,326.578,0.656674,3934,0,0.0242309
./WORKING//matrices//rdist2.pbin,1,10,500,3198,516,56994.8,280.518,266.5,0.169838,2975,0,0.00672325
./WORKING//matrices//rdist3a.pbin,1,10,500,2398,518,62333.6,1553.08,449.046,0.747109,2273,0,3.72977
./WORKING//matrices//rgg010.pbin,1,10,500,10,10,70,10,10,1,9,4,0.153333
./WORKING//matrices//rw136.pbin,1,10,500,136,136,486.901,0,0,-nan,15,1,0.00281303
./WORKING//matrices//rw496.pbin,1,10,500,496,496,1867.83,0,0,-nan,30,1,0.000724366
./WORKING//matrices//saylr3.pbin,1,10,500,1000,519,3702,941.988,1000,0.488892,100,1,0.0021189
./WORKING//matrices//saylr4.pbin,1,10,500,3564,519,22310.6,2.01068e+07,3564,821.55,198,1,15007.7
./WORKING//matrices//sherman1.pbin,1,10,500,1000,519,3702,944.878,1000,0.490392,100,1,0.00212391
./WORKING//matrices//sherman2.pbin,1,10,500,1080,515,23230.8,2.07748e+09,1080,917269,221,1,4.27488e+13
./WORKING//matrices//sherman4.pbin,1,10,500,1104,517,3998.69,10850.5,1104,4.6026,368,1,0.229828
./WORKING//matrices//sherman5.pbin,1,10,500,3312,519,21985.1,202734,3312,9.59211,1106,1,27.6398
./WORKING//matrices//shermanACa.pbin,1,10,500,3432,518,22850.3,1296.64,3432,0.0570237,3301,1,0.00194276
./WORKING//matrices//shermanACb.pbin,1,10,500,18510,520,112430,10712.8,18510,0.0162589,18439,1,0.000811753
./WORKING//matrices//shermanACd.pbin,1,10,500,6136,520,115811,418.295,6136,0.00577717,5748,1,0.000432017
./WORKING//matrices//shl_0.pbin,1,10,500,663,510,1678.72,6.5,6.5,0.769231,534,0,177.853
./WORKING//matrices//shl_200.pbin,1,10,500,663,513,1747.67,6.46199,6.46199,0.773756,538,0,259.005
./WORKING//matrices//shl_400.pbin,1,10,500,663,513,1725.13,3.87719,3.87719,0.773756,538,0,251.597
./WORKING//matrices//shuttle_eddy.pbin,1,10,500,10429,519,104624,10429,10429,0.0497651,9554,1,0.000961049
./WORKING//matrices//shyy41.pbin,1,10,500,4720,520,20088.3,102362,3158.77,3.57013,40,0,0.241773
./WORKING//matrices//sinc12.pbin,1,10,500,7500,520,279495,0,0,-nan,6857,0,5.43404e+07
./WORKING//matrices//skirt.pbin,1,10,500,12598,520,198998,12598,12598,0.0412764,835,1,0.00125213
./WORKING//matrices//sphere2.pbin,1,10,500,66,66,453.344,66,66,1,19,5,0.0946196
./WORKING//matrices//sphere3.pbin,1,10,500,258,258,1797.84,258,258,1,47,5,0.026381
./WORKING//matrices//sstmodel.pbin,1,10,500,3345,517,22478.4,3345,3345,0.154559,148,1,0.00200415
./WORKING//matrices//steam1.pbin,1,10,500,240,240,2257.02,6.36648e+08,240,2.6527e+06,144,5,1.25482e+11
./WORKING//matrices//steam2.pbin,1,10,500,600,510,5682,6.6581e+11,600,9.43231e+08,330,1,7.70328e+15
./WORKING//matrices//steam3.pbin,1,10,500,80,80,318.933,2.78783e+10,80,3.48479e+08,40,1,5.69558e+16
./WORKING//matrices//str_0.pbin,1,10,500,363,363,2480.16,2,2,1,206,1,0.0077085
./WORKING//matrices//str_200.pbin,1,10,500,363,363,3081.44,2,2,1,307,1,0.01058
./WORKING//matrices//str_400.pbin,1,10,500,363,363,3171.69,2,2,1,347,1,0.0119508
./WORKING//matrices//str_600.pbin,1,10,500,363,363,3295.39,4.36942,4,1.09235,334,1,0.0179019
./WORKING//matrices//struct4.pbin,1,10,500,4350,518,235648,4350,4350,0.11908,548,1,0.0122759
./WORKING//matrices//swang1.pbin,1,10,500,3169,518,20858.4,32.0903,3169,0.00165523,2925,1,3.62171e-08
./WORKING//matrices//swang2.pbin,1,10,500,3169,518,20858.4,34.2262,3169,0.00176541,2925,1,4.24337e-08
./WORKING//matrices//tandem_vtx.pbin,1,10,500,18454,518,255330,18454,18454,0.0280698,18411,1,0.000749202
./WORKING//matrices//thermal.pbin,1,10,500,3456,520,67889.7,2016.65,3456,0.0877984,2297,1,0.000134592
./WORKING//matrices//tub100.pbin,1,10,500,100,100,400,96148.8,100,961.488,2,3,14185.1
./WORKING//matrices//utm1700b.pbin,1,10,500,1700,517,21821.2,959.511,1700,0.17165,243,1,0.000588466
./WORKING//matrices//utm300.pbin,1,10,500,300,300,3191.19,186.984,300,0.623281,74,1,0.00334129
./WORKING//matrices//utm5940.pbin,1,10,500,5940,519,83362,3695.42,5940,0.0543574,494,1,0.000168371
./WORKING//matrices//wang1.pbin,1,10,500,2903,518,19159.8,578.185,2903,0.0355388,224,1,3.12793e-05
./WORKING//matrices//wang2.pbin,1,10,500,2903,518,19159.8,584.188,2903,0.0359078,224,1,3.25379e-05
./WORKING//matrices//watt_1.pbin,1,10,500,1856,519,11358.7,178.806,1856,0.0269397,64,1,3.34052e-05
./WORKING//matrices//watt_2.pbin,1,10,500,1856,519,11510.9,175.23,1856,0.0264009,64,1,3.34052e-05
./WORKING//matrices//west0067.pbin,1,10,500,67,67,289.613,0.188005,2,0.0940025,59,1,0.0397607
./WORKING//matrices//west0132.pbin,1,10,500,132,132,414.709,3.47996,6,0.579993,94,1,7.59727e+06
./WORKING//matrices//west0156.pbin,1,10,500,156,156,365.722,0,0,-nan,147,1,1.60659e+10
./WORKING//matrices//west0167.pbin,1,10,500,167,167,507.185,30.685,14,2.19179,158,1,1.50722e+07
./WORKING//matrices//west0479.pbin,1,10,500,479,479,1894.78,70.0344,8,8.7543,388,1,2.22258e+06
./WORKING//matrices//west0497.pbin,1,10,500,497,497,1726.37,6869.66,6,1144.94,416,1,6.08427e+06
./WORKING//matrices//west0655.pbin,1,10,500,655,514,2739.21,4.81612,5.09728,0.741448,564,0,1.54089e+06
./WORKING//matrices//west0989.pbin,1,10,500,989,517,3540.62,2.23335,3.82592,0.305151,855,0,1.02509e+06
./WORKING//matrices//west1505.pbin,1,10,500,1505,517,5336.73,3.39857,5.82205,0.200528,1371,0,675451
./WORKING//matrices//west2021.pbin,1,10,500,2021,520,7639.38,11.5966,15.5462,0.19193,1885,0,998858
./WORKING//matrices//will199.pbin,1,10,500,199,199,693.423,22,22,1,169,1,0.0172295
./WORKING//matrices//will57.pbin,1,10,500,57,57,267.462,57,57,1,44,2,0.0757784
./WORKING//matrices//young3c.pbin,1,10,500,841,515,4008.21,148550,841,108.166,30,1,56.9519
./WORKING//matrices//zenios.pbin,1,10,500,2873,517,1315.83,0,0,-nan,624,0,1.15626e-05
